100
100
0
1
0.01
0
2
0.02
0
0.0099
0.0196
0.0291
0.0384
0.0475
0.0564
0.0651
0.0736
0.0819
0.09
0.0979
0.1056
0.1131
0.1204
0.1275
0.1344
0.1411
0.1476
0.1539
0.16
0.1659
0.1716
0.1771
0.1824
0.1875
0.1924
0.1971
0.2016
0.2059
0.21
0.2139
0.2176
0.2211
0.2244
0.2275
0.2304
0.2331
0.2356
0.2379
0.24
0.2419
0.2436
0.2451
0.2464
0.2475
0.2484
0.2491
0.2496
0.2499
0.25
0.2499
0.2496
0.2491
0.2484
0.2475
0.2464
0.2451
0.2436
0.2419
0.24
0.2379
0.2356
0.2331
0.2304
0.2275
0.2244
0.2211
0.2176
0.2139
0.21
0.2059
0.2016
0.1971
0.1924
0.1875
0.1824
0.1771
0.1716
0.1659
0.16
0.1539
0.1476
0.1411
0.1344
0.1275
0.1204
0.1131
0.1056
0.0979
0.09
0.0819
0.0736
0.0651
0.0564
0.0475
0.0384
0.0291
0.0196
0.0099
0
0.00394265
0.0183102
0.0313108
0.0432937
0.0544795
0.0650139
0.0749978
0.0845041
0.0935875
0.10229
0.110644
0.118677
0.126411
0.133862
0.141047
0.147978
0.154666
0.161119
0.167346
0.173354
0.179148
0.184734
0.190116
0.195298
0.200283
0.205075
0.209676
0.214088
0.218313
0.222354
0.226212
0.229887
0.233383
0.236699
0.239836
0.242797
0.245581
0.248189
0.250622
0.25288
0.254965
0.256876
0.258615
0.260181
0.261576
0.262799
0.263851
0.264732
0.265443
0.265985
0.266357
0.266561
0.266595
0.266462
0.266161
0.265692
0.265056
0.264254
0.263286
0.262152
0.260852
0.259387
0.257758
0.255964
0.254006
0.251884
0.249599
0.24715
0.244539
0.241764
0.238827
0.235727
0.232465
0.229039
0.22545
0.221698
0.217782
0.213701
0.209454
0.205041
0.20046
0.19571
0.190788
0.185692
0.180419
0.174967
0.169331
0.163506
0.157487
0.151267
0.144838
0.13819
0.131312
0.124189
0.116803
0.109129
0.101138
0.0927861
0.0840145
0.0747338
0.0648038
0.0157084
0.0321921
0.0470922
0.06068
0.0731728
0.0847415
0.0955216
0.10562
0.115123
0.124099
0.132606
0.140689
0.148388
0.155735
0.162758
0.169481
0.175924
0.182103
0.188034
0.19373
0.199202
0.20446
0.209512
0.214366
0.219029
0.223506
0.227802
0.231922
0.23587
0.239649
0.243262
0.246712
0.250003
0.253135
0.25611
0.258932
0.2616
0.264118
0.266485
0.268704
0.270775
0.2727
0.274479
0.276114
0.277605
0.278953
0.280159
0.281225
0.28215
0.282935
0.283582
0.284091
0.284463
0.284699
0.284799
0.284764
0.284595
0.284293
0.283859
0.283293
0.282596
0.281769
0.280813
0.279727
0.278514
0.277174
0.275706
0.274112
0.272393
0.270548
0.268577
0.266482
0.264261
0.261915
0.259442
0.256844
0.254118
0.251264
0.248279
0.245162
0.24191
0.238521
0.23499
0.231314
0.227486
0.223502
0.219352
0.215029
0.210521
0.205817
0.200902
0.195759
0.190365
0.184696
0.178721
0.172402
0.165692
0.158532
0.15085
0.142553
0.133526
0.0351118
0.0524209
0.0681307
0.0824499
0.0955627
0.107628
0.118779
0.129132
0.138781
0.147809
0.156284
0.164266
0.171804
0.17894
0.185712
0.19215
0.198282
0.204131
0.209719
0.215062
0.220177
0.225076
0.229773
0.234277
0.238598
0.242743
0.246721
0.250537
0.254197
0.257706
0.261068
0.264287
0.267367
0.270311
0.273122
0.275802
0.278353
0.280779
0.28308
0.285258
0.287315
0.289253
0.291073
0.292777
0.294365
0.295839
0.297201
0.29845
0.29959
0.30062
0.301543
0.302359
0.303068
0.303674
0.304176
0.304576
0.304875
0.305074
0.305175
0.305178
0.305085
0.304897
0.304615
0.304239
0.303773
0.303215
0.302567
0.30183
0.301005
0.300092
0.299092
0.298005
0.296831
0.295569
0.294221
0.292783
0.291257
0.289639
0.287928
0.286121
0.284215
0.282206
0.280088
0.277856
0.275503
0.273019
0.270395
0.26762
0.264678
0.261553
0.258226
0.254674
0.250871
0.246784
0.242375
0.237602
0.232411
0.226742
0.220522
0.213668
0.206087
0.0618467
0.0790668
0.0947475
0.109058
0.122152
0.13417
0.145236
0.155458
0.164932
0.17374
0.181954
0.189639
0.196849
0.203632
0.21003
0.216079
0.22181
0.227252
0.232428
0.23736
0.242067
0.246565
0.250868
0.254989
0.258939
0.262729
0.266367
0.26986
0.273217
0.276441
0.279541
0.282519
0.28538
0.288129
0.290768
0.293302
0.295732
0.298061
0.300292
0.302428
0.304469
0.306418
0.308278
0.310049
0.311733
0.313332
0.314848
0.316282
0.317635
0.31891
0.320107
0.321228
0.322276
0.32325
0.324154
0.324988
0.325754
0.326453
0.327088
0.32766
0.32817
0.32862
0.329012
0.329347
0.329626
0.329852
0.330024
0.330145
0.330216
0.330238
0.330211
0.330136
0.330013
0.329843
0.329624
0.329357
0.32904
0.328671
0.328249
0.32777
0.32723
0.326624
0.325948
0.325193
0.324352
0.323414
0.322367
0.321199
0.319892
0.318429
0.316786
0.314937
0.312855
0.310503
0.307843
0.304828
0.301406
0.297517
0.293096
0.288065
0.282344
0.0954915
0.111899
0.126871
0.140548
0.153062
0.164534
0.175075
0.184783
0.193747
0.202047
0.209751
0.216924
0.223619
0.229886
0.235769
0.241305
0.246529
0.25147
0.256154
0.260604
0.264841
0.268883
0.272746
0.276443
0.279988
0.283391
0.286662
0.289809
0.292841
0.295765
0.298585
0.301309
0.30394
0.306484
0.308943
0.311322
0.313624
0.315852
0.318009
0.320097
0.322119
0.324076
0.325972
0.327807
0.329585
0.331307
0.332975
0.33459
0.336155
0.337672
0.339142
0.340567
0.34195
0.343291
0.344594
0.345859
0.34709
0.348288
0.349455
0.350592
0.351703
0.35279
0.353853
0.354896
0.35592
0.356927
0.357919
0.358898
0.359865
0.360822
0.36177
0.362709
0.363642
0.364568
0.365486
0.366398
0.367301
0.368195
0.369077
0.369945
0.370794
0.37162
0.372416
0.373176
0.37389
0.374549
0.37514
0.375648
0.376056
0.376346
0.376493
0.376471
0.376251
0.375798
0.375072
0.374028
0.372618
0.370783
0.368463
0.365589
0.362086
0.135516
0.150509
0.164204
0.176718
0.188164
0.198646
0.20826
0.217094
0.225229
0.232736
0.23968
0.24612
0.252108
0.25769
0.262909
0.267803
0.272404
0.276743
0.280847
0.284737
0.288437
0.291963
0.295333
0.298561
0.301659
0.30464
0.307513
0.310288
0.312973
0.315574
0.318099
0.320552
0.32294
0.325266
0.327535
0.329751
0.331917
0.334037
0.336113
0.338148
0.340145
0.342106
0.344033
0.34593
0.347797
0.349638
0.351454
0.353248
0.355021
0.356777
0.358516
0.360241
0.361955
0.36366
0.365358
0.367051
0.368742
0.370434
0.372128
0.373828
0.375536
0.377254
0.378985
0.380732
0.382497
0.384283
0.386092
0.387925
0.389787
0.391678
0.393601
0.395556
0.397546
0.399572
0.401633
0.403731
0.405865
0.408034
0.410237
0.41247
0.414731
0.417016
0.419318
0.421632
0.423948
0.426257
0.428547
0.430803
0.433009
0.435147
0.437194
0.439124
0.440909
0.442515
0.443906
0.445039
0.445868
0.446341
0.4464
0.445983
0.445022
0.181288
0.194361
0.206297
0.217196
0.227154
0.236257
0.244589
0.252226
0.259237
0.265687
0.271633
0.277128
0.28222
0.286951
0.29136
0.29548
0.299344
0.30298
0.306412
0.309665
0.312756
0.315706
0.318529
0.321239
0.32385
0.326372
0.328815
0.331189
0.333501
0.335759
0.337968
0.340135
0.342264
0.344361
0.346428
0.348471
0.350492
0.352496
0.354484
0.35646
0.358426
0.360385
0.36234
0.364292
0.366245
0.3682
0.37016
0.372127
0.374104
0.376093
0.378097
0.380117
0.382158
0.38422
0.386308
0.388423
0.390569
0.392748
0.394964
0.39722
0.399518
0.401862
0.404255
0.4067
0.4092
0.411758
0.414378
0.417063
0.419815
0.422637
0.425531
0.428501
0.431549
0.434676
0.437883
0.441173
0.444545
0.447999
0.451536
0.455152
0.458847
0.462617
0.466456
0.470361
0.474323
0.478334
0.482383
0.486457
0.490542
0.494621
0.498672
0.502674
0.5066
0.510419
0.514098
0.517599
0.52088
0.523893
0.526586
0.528904
0.530783
0.232087
0.242813
0.252585
0.261488
0.269598
0.27699
0.283731
0.289887
0.295516
0.300672
0.305406
0.309762
0.313783
0.317505
0.320963
0.324188
0.327205
0.33004
0.332716
0.335253
0.33767
0.339983
0.342206
0.344352
0.346434
0.348461
0.350443
0.352389
0.354304
0.356197
0.358072
0.359936
0.361792
0.363646
0.365501
0.36736
0.369228
0.371107
0.373
0.37491
0.376839
0.378791
0.380767
0.38277
0.384802
0.386866
0.388964
0.3911
0.393275
0.395492
0.397753
0.400063
0.402423
0.404836
0.407307
0.409836
0.412429
0.415089
0.417818
0.420621
0.423502
0.426463
0.429508
0.432643
0.435869
0.439192
0.442615
0.446142
0.449777
0.453524
0.457385
0.461365
0.465466
0.469692
0.474046
0.478528
0.483142
0.487889
0.492769
0.497782
0.502928
0.508204
0.513608
0.519136
0.524783
0.530542
0.536405
0.542361
0.548398
0.554501
0.560655
0.566838
0.573028
0.579199
0.585322
0.591365
0.597289
0.603054
0.608613
0.613918
0.618911
0.28711
0.295137
0.302411
0.309
0.314965
0.320366
0.325258
0.329692
0.333716
0.337376
0.340711
0.343759
0.346555
0.349129
0.351511
0.353726
0.355796
0.357742
0.359583
0.361336
0.363016
0.364637
0.366212
0.367753
0.369268
0.370768
0.372259
0.37375
0.375247
0.376755
0.378279
0.379825
0.381395
0.382995
0.384626
0.386294
0.387999
0.389746
0.391537
0.393375
0.395261
0.397199
0.39919
0.401237
0.403343
0.405511
0.407742
0.410039
0.412405
0.414843
0.417356
0.419946
0.422618
0.425374
0.428218
0.431154
0.434184
0.437314
0.440546
0.443886
0.447337
0.450904
0.454592
0.458404
0.462346
0.466422
0.470636
0.474995
0.479502
0.484163
0.488981
0.493962
0.499109
0.504428
0.509922
0.515595
0.52145
0.52749
0.533717
0.540134
0.546741
0.553539
0.560528
0.567705
0.575067
0.582612
0.590333
0.598224
0.606275
0.614476
0.622813
0.631272
0.639835
0.64848
0.657183
0.665919
0.674656
0.683359
0.69199
0.700506
0.708861
0.345492
0.350537
0.355045
0.359066
0.362647
0.365831
0.368662
0.371179
0.373417
0.375412
0.377195
0.378794
0.380236
0.381545
0.382744
0.383853
0.384888
0.385868
0.386805
0.387714
0.388605
0.389488
0.390374
0.391272
0.39219
0.393134
0.394111
0.395126
0.396185
0.397292
0.398451
0.399665
0.400939
0.402274
0.403674
0.405141
0.406677
0.408286
0.409969
0.411727
0.413565
0.415483
0.417484
0.419571
0.421745
0.424009
0.426365
0.428817
0.431368
0.434019
0.436774
0.439638
0.442612
0.445701
0.448908
0.452238
0.455695
0.459282
0.463006
0.466869
0.470878
0.475037
0.479352
0.483827
0.488469
0.493283
0.498275
0.50345
0.508814
0.514374
0.520135
0.526103
0.532284
0.538683
0.545307
0.552161
0.559249
0.566577
0.574149
0.581969
0.59004
0.598366
0.606949
0.615789
0.624888
0.634244
0.643856
0.653721
0.663833
0.674187
0.684775
0.695585
0.706607
0.717825
0.729222
0.740777
0.752468
0.764268
0.776146
0.788069
0.799997
0.406309
0.408161
0.4097
0.410961
0.411975
0.412772
0.413381
0.413829
0.414142
0.414342
0.414452
0.414492
0.414479
0.414431
0.414364
0.41429
0.414223
0.414173
0.414151
0.414165
0.414223
0.414332
0.414498
0.414726
0.415021
0.415388
0.415831
0.416355
0.416963
0.417657
0.41844
0.419314
0.420283
0.421347
0.422508
0.42377
0.425132
0.426597
0.428166
0.429842
0.431626
0.43352
0.435526
0.437646
0.439882
0.442236
0.444712
0.447311
0.450038
0.452894
0.455883
0.459009
0.462275
0.465685
0.469244
0.472956
0.476825
0.480856
0.485055
0.489427
0.493977
0.498712
0.503636
0.508757
0.514081
0.519614
0.525363
0.531335
0.537537
0.543976
0.55066
0.557596
0.564791
0.572253
0.57999
0.588007
0.596313
0.604915
0.613819
0.623033
0.632561
0.64241
0.652586
0.663093
0.673934
0.685113
0.696633
0.708494
0.720697
0.733241
0.746123
0.759339
0.772883
0.786747
0.800921
0.815393
0.830149
0.84517
0.860436
0.875922
0.891602
0.468605
0.467119
0.465551
0.46392
0.462241
0.460532
0.458808
0.457083
0.455371
0.453686
0.452039
0.450441
0.448903
0.447433
0.446039
0.44473
0.443511
0.442389
0.441368
0.440453
0.439647
0.438953
0.438375
0.437914
0.437571
0.437348
0.437248
0.43727
0.437418
0.437693
0.438094
0.438624
0.439284
0.440073
0.440994
0.442046
0.443231
0.44455
0.446003
0.447593
0.44932
0.451185
0.453191
0.45534
0.457632
0.460071
0.462659
0.465399
0.468293
0.471344
0.474557
0.477934
0.48148
0.4852
0.489096
0.493175
0.497441
0.501901
0.506558
0.51142
0.516492
0.521782
0.527295
0.53304
0.539023
0.545252
0.551735
0.558479
0.565494
0.572788
0.58037
0.588248
0.596432
0.604931
0.613754
0.622911
0.632411
0.642264
0.652478
0.663064
0.67403
0.685386
0.69714
0.709301
0.721876
0.734873
0.748299
0.76216
0.776463
0.791211
0.806407
0.822056
0.838157
0.854711
0.871717
0.889169
0.907064
0.925393
0.944147
0.963312
0.982874
0.531395
0.526495
0.521745
0.51715
0.51271
0.508429
0.504308
0.500351
0.49656
0.492937
0.489486
0.486206
0.483101
0.480172
0.477419
0.474843
0.472446
0.470227
0.468186
0.466323
0.464636
0.463126
0.461791
0.46063
0.459642
0.458825
0.458177
0.457697
0.457385
0.457239
0.457259
0.457445
0.457796
0.458312
0.458991
0.459835
0.460843
0.462015
0.463352
0.464854
0.466522
0.468357
0.47036
0.472533
0.474877
0.477395
0.480088
0.48296
0.486013
0.48925
0.492676
0.496293
0.500106
0.50412
0.508339
0.512769
0.517415
0.522283
0.527379
0.53271
0.538283
0.544104
0.550182
0.556525
0.563141
0.570038
0.577227
0.584715
0.592512
0.60063
0.609078
0.617866
0.627006
0.636508
0.646385
0.656647
0.667307
0.678376
0.689868
0.701794
0.714166
0.726997
0.7403
0.754086
0.768369
0.78316
0.798472
0.814316
0.830702
0.847644
0.865149
0.883229
0.901893
0.921148
0.941002
0.961461
0.982529
1.00421
1.02651
1.04942
1.07294
0.593691
0.585365
0.577422
0.569849
0.562634
0.555765
0.549234
0.543031
0.537147
0.531574
0.526306
0.521334
0.516653
0.512255
0.508136
0.504289
0.500708
0.497389
0.494325
0.491512
0.488945
0.486618
0.484528
0.482669
0.481036
0.479627
0.478436
0.477459
0.476693
0.476133
0.475779
0.475626
0.475674
0.475921
0.476364
0.477004
0.477838
0.478866
0.480088
0.481504
0.483113
0.484916
0.486914
0.489108
0.4915
0.494091
0.496884
0.49988
0.503083
0.506496
0.510123
0.513968
0.518034
0.522327
0.526852
0.531615
0.536621
0.541877
0.547389
0.553165
0.559213
0.56554
0.572155
0.579067
0.586285
0.593819
0.601678
0.609875
0.61842
0.627323
0.636598
0.646257
0.656312
0.666776
0.677664
0.688988
0.700764
0.713006
0.725729
0.738949
0.752681
0.766942
0.781748
0.797115
0.813061
0.829603
0.846757
0.864541
0.882973
0.90207
0.92185
0.94233
0.963526
0.985458
1.00814
1.03159
1.05582
1.08085
1.1067
1.13337
1.16088
0.654508
0.642811
0.631723
0.621216
0.611265
0.601846
0.592937
0.584518
0.576568
0.569071
0.56201
0.555368
0.549132
0.543287
0.537821
0.53272
0.527974
0.523572
0.519502
0.515755
0.512323
0.509195
0.506363
0.503819
0.501556
0.499567
0.497844
0.496382
0.495173
0.494213
0.493496
0.493018
0.492774
0.492762
0.492978
0.493421
0.494089
0.494979
0.49609
0.497423
0.498975
0.500747
0.50274
0.504954
0.50739
0.51005
0.512935
0.516049
0.519393
0.522972
0.526788
0.530846
0.535151
0.539707
0.544519
0.549595
0.55494
0.56056
0.566464
0.572659
0.579153
0.585956
0.593076
0.600524
0.608309
0.616442
0.624935
0.6338
0.64305
0.652696
0.662753
0.673235
0.684156
0.695532
0.707378
0.719711
0.732548
0.745906
0.759803
0.774258
0.78929
0.804919
0.821166
0.83805
0.855595
0.873822
0.892753
0.912412
0.932823
0.95401
0.975998
0.998813
1.02248
1.04702
1.07247
1.09885
1.12619
1.15452
1.18386
1.21425
1.2457
0.71289
0.697936
0.683809
0.670468
0.657872
0.645987
0.634779
0.624216
0.614269
0.60491
0.596114
0.587858
0.580118
0.572874
0.566105
0.559794
0.553922
0.548474
0.543434
0.538788
0.534521
0.530622
0.527077
0.523875
0.521007
0.518461
0.516228
0.5143
0.512668
0.511324
0.510262
0.509474
0.508955
0.5087
0.508703
0.508961
0.509473
0.510233
0.511242
0.512497
0.513997
0.515741
0.51773
0.519963
0.522441
0.525166
0.528139
0.531362
0.534839
0.538572
0.542566
0.546823
0.55135
0.556151
0.561232
0.566598
0.572258
0.578218
0.584487
0.591071
0.597981
0.605226
0.612816
0.620762
0.629075
0.637766
0.646849
0.656337
0.666243
0.676582
0.687369
0.698619
0.71035
0.722579
0.735322
0.7486
0.762432
0.776837
0.791838
0.807455
0.823711
0.840631
0.858238
0.876558
0.895617
0.915442
0.936062
0.957505
0.979802
1.00298
1.02708
1.05213
1.07817
1.10522
1.13333
1.16254
1.19288
1.2244
1.25713
1.29112
1.32641
0.767913
0.749879
0.732875
0.71685
0.70175
0.68753
0.674143
0.66155
0.64971
0.638589
0.628151
0.618365
0.609202
0.600633
0.592632
0.585176
0.578241
0.571805
0.565849
0.560353
0.5553
0.550673
0.546457
0.542636
0.539198
0.53613
0.533418
0.531053
0.529024
0.527322
0.525936
0.52486
0.524085
0.523605
0.523413
0.523504
0.523873
0.524517
0.525433
0.526619
0.528073
0.529794
0.531781
0.534034
0.536554
0.53934
0.542396
0.545723
0.549323
0.5532
0.557358
0.5618
0.566532
0.571559
0.576887
0.582522
0.588472
0.594744
0.601347
0.60829
0.615581
0.623232
0.631253
0.639656
0.648453
0.657657
0.667281
0.67734
0.687849
0.698824
0.710281
0.722239
0.734714
0.747727
0.761298
0.775447
0.790196
0.805569
0.821589
0.838282
0.855673
0.873789
0.892659
0.912313
0.932782
0.954097
0.976292
0.999402
1.02346
1.04852
1.0746
1.10175
1.13001
1.15943
1.19006
1.22194
1.25513
1.28967
1.32563
1.36306
1.40201
0.818712
0.797826
0.778161
0.75965
0.742233
0.725851
0.710448
0.695976
0.682385
0.669632
0.657675
0.646475
0.635995
0.626202
0.617063
0.60855
0.600632
0.593286
0.586485
0.580207
0.57443
0.569134
0.564301
0.559913
0.555952
0.552404
0.549255
0.546491
0.5441
0.54207
0.54039
0.539052
0.538045
0.537361
0.536994
0.536936
0.537181
0.537724
0.538561
0.53969
0.541107
0.542811
0.544801
0.547076
0.549637
0.552483
0.555618
0.559041
0.562756
0.566767
0.571075
0.575687
0.580607
0.58584
0.591393
0.597272
0.603485
0.61004
0.616945
0.624211
0.631848
0.639865
0.648275
0.657091
0.666324
0.67599
0.686102
0.696676
0.707728
0.719276
0.731338
0.743933
0.75708
0.770802
0.785119
0.800055
0.815635
0.831883
0.848827
0.866495
0.884915
0.904119
0.924138
0.945007
0.96676
0.989435
1.01307
1.03771
1.06338
1.09015
1.11805
1.14714
1.17745
1.20906
1.24201
1.27637
1.31219
1.34955
1.3885
1.42913
1.4715
0.864484
0.841027
0.818962
0.798212
0.778706
0.760374
0.743156
0.72699
0.711822
0.697599
0.684275
0.671802
0.660139
0.649245
0.639084
0.629621
0.620823
0.612659
0.605102
0.598123
0.5917
0.585807
0.580423
0.575528
0.571103
0.56713
0.563592
0.560474
0.557763
0.555444
0.553505
0.551936
0.550726
0.549865
0.549345
0.549159
0.549298
0.549758
0.550533
0.551617
0.553008
0.554704
0.556703
0.559004
0.561607
0.564513
0.567722
0.571236
0.575058
0.57919
0.583637
0.588402
0.593492
0.59891
0.604664
0.610762
0.617209
0.624016
0.631191
0.638744
0.646685
0.655027
0.663781
0.672961
0.682579
0.692652
0.703194
0.714221
0.725753
0.737806
0.7504
0.763556
0.777295
0.791641
0.806616
0.822246
0.838558
0.85558
0.87334
0.891869
0.9112
0.931367
0.952404
0.974351
0.997245
1.02113
1.04605
1.07204
1.09916
1.12746
1.15699
1.18781
1.21997
1.25354
1.28858
1.32517
1.36337
1.40327
1.44493
1.48846
1.53394
0.904508
0.878806
0.854646
0.831941
0.810612
0.790581
0.771778
0.754137
0.737595
0.722093
0.707578
0.693999
0.681307
0.669458
0.65841
0.648123
0.638562
0.629692
0.621481
0.613899
0.606917
0.60051
0.594654
0.589324
0.584501
0.580165
0.576296
0.572878
0.569894
0.567331
0.565175
0.563412
0.562033
0.561025
0.56038
0.560089
0.560143
0.560538
0.561265
0.56232
0.563699
0.565397
0.567413
0.569745
0.572393
0.575357
0.578637
0.582237
0.586157
0.590401
0.594972
0.599875
0.605115
0.610697
0.616629
0.622917
0.62957
0.636596
0.644004
0.651805
0.660011
0.668632
0.677682
0.687174
0.697123
0.707544
0.718454
0.72987
0.74181
0.754294
0.767343
0.780978
0.795222
0.8101
0.825636
0.841859
0.858796
0.876478
0.894935
0.914201
0.934311
0.955302
0.977212
1.00008
1.02396
1.04888
1.0749
1.10206
1.13043
1.16005
1.19099
1.22331
1.25707
1.29234
1.3292
1.36773
1.40801
1.45012
1.49417
1.54024
1.58844
0.938153
0.910572
0.884658
0.86032
0.837466
0.816016
0.795891
0.777019
0.759332
0.742766
0.727261
0.712762
0.699216
0.686575
0.674792
0.663825
0.653634
0.644182
0.635433
0.627355
0.619916
0.613089
0.606847
0.601164
0.596019
0.591388
0.587253
0.583594
0.580394
0.577637
0.575308
0.573395
0.571883
0.570763
0.570023
0.569654
0.569648
0.569996
0.570694
0.571734
0.573112
0.574823
0.576865
0.579234
0.58193
0.584953
0.588303
0.591982
0.595993
0.600337
0.605019
0.610044
0.615415
0.62114
0.627224
0.633675
0.640502
0.647713
0.655318
0.663327
0.671752
0.680606
0.689901
0.699652
0.709874
0.720582
0.731794
0.743528
0.755803
0.76864
0.78206
0.796086
0.810743
0.826054
0.842049
0.858754
0.876201
0.89442
0.913446
0.933313
0.954059
0.975723
0.998346
1.02197
1.04665
1.07242
1.09935
1.12747
1.15687
1.18758
1.21968
1.25323
1.28832
1.325
1.36338
1.40352
1.44553
1.48949
1.53552
1.58372
1.63421
0.964888
0.935827
0.908534
0.882911
0.858861
0.836298
0.815138
0.795303
0.776721
0.759324
0.743049
0.727835
0.713627
0.700372
0.688023
0.676532
0.665857
0.655958
0.646798
0.638342
0.630557
0.623413
0.61688
0.610934
0.605548
0.6007
0.596368
0.592533
0.589176
0.586281
0.583831
0.581812
0.58021
0.579014
0.578213
0.577796
0.577755
0.578081
0.578768
0.579809
0.581198
0.582932
0.585007
0.587419
0.590168
0.593251
0.596669
0.600423
0.604516
0.608951
0.613731
0.61886
0.624343
0.630187
0.636398
0.642984
0.649953
0.657314
0.665077
0.673252
0.681853
0.69089
0.700378
0.710331
0.720765
0.731696
0.743142
0.755122
0.767654
0.780762
0.794466
0.80879
0.823761
0.839403
0.855745
0.872817
0.890651
0.909278
0.928735
0.949058
0.970287
0.992462
1.01563
1.03983
1.06512
1.09154
1.11915
1.14802
1.17819
1.20974
1.24274
1.27725
1.31335
1.35113
1.39067
1.43207
1.47542
1.52083
1.56841
1.61828
1.67056
0.984292
0.954176
0.925903
0.899368
0.874473
0.851123
0.829234
0.808723
0.789515
0.771538
0.754726
0.739017
0.724352
0.710675
0.697937
0.686089
0.675087
0.664888
0.655453
0.646746
0.638732
0.63138
0.62466
0.618543
0.613005
0.608021
0.603569
0.599628
0.596178
0.593203
0.590685
0.58861
0.586963
0.585732
0.584905
0.584473
0.584425
0.584753
0.585449
0.586508
0.587923
0.58969
0.591805
0.594265
0.597068
0.600212
0.603696
0.607522
0.61169
0.616205
0.621068
0.626285
0.631861
0.637802
0.644114
0.650805
0.657884
0.665359
0.673241
0.68154
0.690269
0.699439
0.709066
0.719164
0.729748
0.740836
0.752444
0.764594
0.777304
0.790596
0.804493
0.81902
0.834202
0.850067
0.866642
0.88396
0.902052
0.920951
0.940696
0.961322
0.982872
1.00539
1.02891
1.0535
1.0792
1.10605
1.13413
1.16349
1.1942
1.22631
1.25991
1.29507
1.33187
1.3704
1.41075
1.45301
1.49729
1.5437
1.59236
1.64339
1.69693
0.996057
0.965333
0.936498
0.909442
0.884066
0.860273
0.837975
0.817088
0.797534
0.77924
0.762138
0.746163
0.731255
0.717358
0.70442
0.69239
0.681223
0.670876
0.661309
0.652483
0.644365
0.63692
0.630119
0.623932
0.618334
0.6133
0.608806
0.604831
0.601356
0.598363
0.595833
0.593753
0.592108
0.590884
0.59007
0.589656
0.58963
0.589986
0.590714
0.59181
0.593265
0.595077
0.59724
0.599752
0.602611
0.605814
0.609361
0.613253
0.617489
0.622073
0.627007
0.632296
0.637945
0.643959
0.650346
0.657113
0.664269
0.671822
0.679782
0.688162
0.696971
0.706225
0.715936
0.726119
0.73679
0.747966
0.759665
0.771907
0.784712
0.798101
0.812099
0.826729
0.842018
0.857993
0.874684
0.892122
0.910339
0.929371
0.949253
0.970026
0.99173
1.01441
1.03811
1.06288
1.08877
1.11584
1.14415
1.17375
1.20472
1.23712
1.27102
1.30651
1.34367
1.38259
1.42335
1.46607
1.51084
1.55779
1.60703
1.6587
1.71292
1
0.969125
0.940155
0.912981
0.8875
0.863615
0.841238
0.820284
0.800673
0.782333
0.765193
0.749189
0.734259
0.720348
0.707402
0.695371
0.684208
0.67387
0.664317
0.65551
0.647413
0.639994
0.633222
0.627068
0.621505
0.616508
0.612053
0.60812
0.604689
0.60174
0.599258
0.597226
0.59563
0.594457
0.593694
0.593332
0.59336
0.59377
0.594554
0.595704
0.597216
0.599084
0.601305
0.603874
0.60679
0.610051
0.613656
0.617606
0.621901
0.626544
0.631535
0.636879
0.642581
0.648647
0.655082
0.661895
0.669095
0.676689
0.684689
0.693105
0.701949
0.711233
0.720972
0.731181
0.741875
0.753071
0.764788
0.777044
0.78986
0.803258
0.817262
0.831895
0.847185
0.863158
0.879844
0.897274
0.915482
0.934502
0.954371
0.975129
0.996816
1.01948
1.04316
1.06791
1.09379
1.12084
1.14913
1.17872
1.20967
1.24206
1.27596
1.31145
1.34862
1.38755
1.42833
1.47108
1.5159
1.5629
1.61221
1.66396
1.71828
0.996057
0.965494
0.936823
0.909936
0.88473
0.86111
0.838987
0.818277
0.798901
0.780787
0.763865
0.74807
0.733343
0.719626
0.706868
0.695017
0.684029
0.673859
0.664468
0.655817
0.647872
0.640598
0.633967
0.627948
0.622515
0.617644
0.613311
0.609496
0.606177
0.603338
0.600961
0.599031
0.597532
0.596454
0.595782
0.595508
0.59562
0.596111
0.596973
0.598198
0.599782
0.601719
0.604005
0.606637
0.609613
0.612931
0.61659
0.620591
0.624934
0.62962
0.634653
0.640036
0.645771
0.651865
0.658323
0.665154
0.672364
0.679964
0.687963
0.696372
0.705202
0.714467
0.724179
0.734354
0.745007
0.756155
0.767816
0.780008
0.792753
0.806071
0.819986
0.834522
0.849704
0.865562
0.882122
0.899417
0.91748
0.936344
0.956047
0.976627
0.998126
1.02059
1.04406
1.06859
1.09423
1.12103
1.14906
1.17837
1.20904
1.24112
1.27471
1.30986
1.34668
1.38524
1.42565
1.468
1.5124
1.55897
1.60782
1.65909
1.71292
0.984292
0.954499
0.926557
0.90036
0.875806
0.852805
0.831267
0.811111
0.792261
0.774644
0.758194
0.742847
0.728544
0.715229
0.702852
0.691364
0.680719
0.670875
0.661793
0.653436
0.645769
0.63876
0.632379
0.626598
0.621391
0.616734
0.612605
0.608982
0.605846
0.603179
0.600966
0.59919
0.597838
0.596897
0.596356
0.596203
0.596431
0.597029
0.597992
0.599311
0.600983
0.603
0.605361
0.608062
0.611099
0.614473
0.618182
0.622226
0.626606
0.631324
0.636382
0.641782
0.64753
0.653629
0.660085
0.666903
0.674093
0.681663
0.689622
0.697981
0.706751
0.715945
0.725577
0.735659
0.746208
0.75724
0.768773
0.780824
0.793414
0.806565
0.820297
0.834636
0.849606
0.865235
0.881551
0.898584
0.916366
0.934931
0.954316
0.974558
0.995697
1.01778
1.04084
1.06494
1.09013
1.11645
1.14398
1.17275
1.20285
1.23435
1.2673
1.30179
1.33791
1.37573
1.41536
1.45689
1.50042
1.54606
1.59395
1.64419
1.69693
0.964888
0.936316
0.909523
0.884409
0.860878
0.83884
0.818211
0.798912
0.780871
0.764017
0.748287
0.733619
0.719957
0.707248
0.695442
0.684492
0.674356
0.664993
0.656364
0.648434
0.64117
0.634541
0.628519
0.623076
0.618188
0.613831
0.609984
0.606627
0.603741
0.601309
0.599315
0.597746
0.596586
0.595826
0.595452
0.595456
0.595828
0.596561
0.597646
0.599078
0.600852
0.602963
0.605407
0.60818
0.611282
0.614711
0.618465
0.622546
0.626953
0.631688
0.636754
0.642154
0.647891
0.653969
0.660394
0.667173
0.67431
0.681815
0.689696
0.697964
0.706629
0.715704
0.725201
0.735134
0.745517
0.756368
0.767702
0.779537
0.791892
0.804789
0.818248
0.832292
0.846947
0.862237
0.878191
0.894838
0.912208
0.930334
0.949252
0.968998
0.989611
1.01113
1.03361
1.05708
1.0816
1.10722
1.13399
1.16198
1.19125
1.22186
1.25388
1.28738
1.32245
1.35917
1.39763
1.43792
1.48013
1.52439
1.5708
1.61948
1.67056
0.938153
0.911231
0.885992
0.86234
0.840184
0.819441
0.800032
0.781882
0.764921
0.749085
0.734313
0.720547
0.707735
0.695825
0.684772
0.674532
0.665063
0.656327
0.648289
0.640916
0.634175
0.628038
0.622477
0.617469
0.612988
0.609013
0.605525
0.602503
0.599931
0.597793
0.596073
0.594759
0.593837
0.593297
0.593128
0.59332
0.593865
0.594756
0.595985
0.597548
0.599438
0.601653
0.604187
0.607039
0.610207
0.613689
0.617485
0.621594
0.626018
0.630758
0.635817
0.641196
0.646901
0.652934
0.659301
0.666007
0.67306
0.680466
0.688232
0.696369
0.704885
0.713793
0.723105
0.732833
0.742992
0.753598
0.764665
0.776211
0.788255
0.800815
0.813912
0.827569
0.841807
0.856653
0.872133
0.888273
0.905104
0.922657
0.940964
0.960061
0.979986
1.00078
1.02248
1.04513
1.06878
1.09348
1.11928
1.14623
1.1744
1.20385
1.23465
1.26685
1.30055
1.33581
1.37273
1.41138
1.45186
1.49428
1.53873
1.58534
1.63421
0.904508
0.879643
0.856337
0.834503
0.814057
0.794922
0.777024
0.760296
0.744673
0.730094
0.716505
0.703851
0.692084
0.681158
0.671029
0.661657
0.653005
0.645036
0.637719
0.631021
0.624916
0.619375
0.614373
0.609889
0.605899
0.602384
0.599325
0.596704
0.594507
0.592718
0.591323
0.59031
0.589667
0.589385
0.589453
0.589863
0.590608
0.591679
0.593072
0.594781
0.596801
0.599129
0.601762
0.604696
0.607931
0.611464
0.615297
0.619428
0.623859
0.628591
0.633627
0.638968
0.644619
0.650583
0.656865
0.663471
0.670405
0.677676
0.685291
0.693257
0.701583
0.710279
0.719357
0.728829
0.738708
0.749008
0.759744
0.770933
0.782591
0.794736
0.807388
0.820567
0.834296
0.848597
0.863494
0.879014
0.895185
0.912035
0.929596
0.947901
0.966983
0.986881
1.00763
1.02928
1.05187
1.07544
1.10004
1.12573
1.15257
1.1806
1.20989
1.24051
1.27252
1.30599
1.34101
1.37766
1.41601
1.45617
1.49822
1.54228
1.58844
0.864484
0.842049
0.821027
0.80134
0.782911
0.765672
0.749556
0.734502
0.720452
0.707353
0.695152
0.683804
0.673263
0.663488
0.654441
0.646085
0.638386
0.631313
0.624835
0.618925
0.613558
0.608709
0.604356
0.600477
0.597055
0.594069
0.591505
0.589346
0.587579
0.586189
0.585164
0.584495
0.584169
0.584179
0.584515
0.58517
0.586137
0.58741
0.588983
0.590853
0.593014
0.595464
0.5982
0.60122
0.604521
0.608105
0.611969
0.616115
0.620543
0.625255
0.630252
0.635538
0.641115
0.646988
0.65316
0.659636
0.666423
0.673525
0.680951
0.688707
0.696801
0.705243
0.714042
0.723209
0.732755
0.742693
0.753039
0.763805
0.775009
0.786666
0.798794
0.811414
0.824543
0.838204
0.85242
0.867214
0.882612
0.89864
0.915327
0.932703
0.950801
0.969654
0.989297
1.00977
1.03111
1.05336
1.07657
1.10078
1.12605
1.15242
1.17995
1.20871
1.23874
1.27013
1.30294
1.33723
1.3731
1.41061
1.44987
1.49094
1.53394
0.818712
0.799044
0.780622
0.763376
0.747242
0.732157
0.718065
0.704912
0.692648
0.681225
0.670599
0.66073
0.651577
0.643106
0.635281
0.628073
0.62145
0.615386
0.609855
0.604832
0.600295
0.596223
0.592598
0.5894
0.586612
0.58422
0.582208
0.580564
0.579275
0.578329
0.577716
0.577426
0.577451
0.577782
0.578413
0.579336
0.580546
0.582038
0.583807
0.585849
0.588161
0.59074
0.593583
0.59669
0.600059
0.603689
0.60758
0.611733
0.616148
0.620828
0.625773
0.630987
0.636471
0.642231
0.648269
0.65459
0.661199
0.668102
0.675305
0.682814
0.690637
0.698782
0.707258
0.716074
0.725239
0.734765
0.744664
0.754949
0.765636
0.776738
0.788271
0.800254
0.812703
0.825639
0.839081
0.853051
0.867572
0.882668
0.898365
0.914689
0.93167
0.949339
0.967726
0.986867
1.0068
1.02756
1.04918
1.07172
1.09521
1.1197
1.14524
1.17189
1.19969
1.22872
1.25902
1.29067
1.32372
1.35826
1.39435
1.43207
1.4715
0.767913
0.751306
0.735758
0.721211
0.707612
0.694907
0.683051
0.671996
0.661702
0.652129
0.643239
0.634998
0.627375
0.620338
0.613859
0.607912
0.602473
0.597517
0.593024
0.588974
0.585347
0.582127
0.579297
0.576843
0.574749
0.573004
0.571594
0.57051
0.569741
0.569277
0.56911
0.569232
0.569635
0.570313
0.57126
0.572471
0.573941
0.575666
0.577642
0.579866
0.582335
0.585048
0.588002
0.591197
0.594631
0.598304
0.602216
0.606369
0.610762
0.615397
0.620277
0.625402
0.630777
0.636403
0.642286
0.648427
0.654833
0.661508
0.668457
0.675686
0.683202
0.691012
0.699123
0.707543
0.716282
0.725348
0.734751
0.744503
0.754616
0.765102
0.775977
0.787255
0.798951
0.811084
0.82367
0.836729
0.85028
0.864345
0.878947
0.894108
0.909855
0.926215
0.943214
0.960884
0.979255
0.998362
1.01824
1.03892
1.06045
1.08287
1.10622
1.13054
1.15589
1.18231
1.20986
1.23858
1.26855
1.29981
1.33243
1.36648
1.40201
0.71289
0.699588
0.687144
0.675512
0.664648
0.654512
0.645067
0.636275
0.628105
0.620525
0.613506
0.60702
0.601042
0.595549
0.590517
0.585927
0.581758
0.577993
0.574615
0.571608
0.568958
0.56665
0.564672
0.563013
0.561661
0.560607
0.55984
0.559353
0.559138
0.559187
0.559493
0.560051
0.560855
0.561899
0.563181
0.564694
0.566437
0.568405
0.570597
0.57301
0.575641
0.57849
0.581556
0.584837
0.588334
0.592046
0.595973
0.600117
0.604479
0.609059
0.613859
0.618882
0.62413
0.629606
0.635312
0.641252
0.647431
0.653852
0.660519
0.667439
0.674616
0.682056
0.689766
0.697752
0.706022
0.714584
0.723446
0.732618
0.742107
0.751926
0.762086
0.7726
0.78348
0.794742
0.806401
0.818472
0.830973
0.843921
0.857336
0.871238
0.885648
0.900589
0.916085
0.932162
0.948845
0.966164
0.984148
1.00283
1.02224
1.04241
1.06339
1.0852
1.10789
1.13151
1.15608
1.18167
1.20831
1.23605
1.26495
1.29505
1.32641
0.654508
0.644706
0.635547
0.626998
0.619028
0.611609
0.604713
0.598314
0.592388
0.586914
0.58187
0.577237
0.572996
0.569132
0.565626
0.562466
0.559637
0.557127
0.554922
0.553013
0.551389
0.55004
0.548958
0.548134
0.54756
0.54723
0.547136
0.547274
0.547638
0.548222
0.549022
0.550034
0.551254
0.55268
0.554307
0.556133
0.558157
0.560376
0.562788
0.565393
0.568189
0.571175
0.574351
0.577716
0.581272
0.585017
0.588953
0.593081
0.597401
0.601915
0.606624
0.611531
0.616637
0.621945
0.627458
0.633177
0.639108
0.645252
0.651614
0.658198
0.665008
0.67205
0.679327
0.686846
0.694612
0.702632
0.710913
0.719461
0.728284
0.73739
0.746789
0.756488
0.766499
0.776835
0.787505
0.798525
0.809907
0.821666
0.833818
0.846378
0.859365
0.872796
0.886691
0.901071
0.915957
0.931373
0.947343
0.963891
0.981046
0.998836
1.01729
1.03644
1.05631
1.07695
1.09838
1.12064
1.14377
1.1678
1.19277
1.21873
1.2457
0.593691
0.587525
0.58178
0.576435
0.571472
0.566875
0.562626
0.55871
0.555115
0.551826
0.548831
0.54612
0.54368
0.541503
0.53958
0.537901
0.536459
0.535247
0.534257
0.533483
0.53292
0.532561
0.532403
0.53244
0.532669
0.533085
0.533684
0.534465
0.535423
0.536557
0.537863
0.53934
0.540987
0.5428
0.54478
0.546924
0.549233
0.551705
0.554339
0.557136
0.560094
0.563215
0.566498
0.569944
0.573553
0.577326
0.581263
0.585366
0.589635
0.594073
0.59868
0.603458
0.608409
0.613535
0.618838
0.62432
0.629985
0.635833
0.64187
0.648096
0.654517
0.661135
0.667954
0.674978
0.682211
0.689659
0.697325
0.705215
0.713335
0.72169
0.730287
0.739132
0.748232
0.757596
0.767231
0.777148
0.787357
0.79787
0.808696
0.81985
0.831343
0.843191
0.855407
0.868007
0.881008
0.894428
0.908285
0.922598
0.937389
0.952679
0.968492
0.984849
1.00178
1.0193
1.03745
1.05624
1.07571
1.09588
1.11678
1.13844
1.16088
0.531395
0.528947
0.526691
0.52462
0.522729
0.521013
0.519467
0.518088
0.516871
0.515812
0.514908
0.514157
0.513554
0.513098
0.512786
0.512617
0.512587
0.512696
0.512942
0.513323
0.513838
0.514486
0.515266
0.516178
0.51722
0.518392
0.519693
0.521124
0.522684
0.524372
0.526189
0.528135
0.530209
0.532413
0.534745
0.537207
0.5398
0.542523
0.545376
0.548362
0.55148
0.554731
0.558116
0.561636
0.565291
0.569084
0.573014
0.577084
0.581293
0.585645
0.590139
0.594777
0.599561
0.604492
0.609573
0.614804
0.620187
0.625725
0.631419
0.637271
0.643284
0.649459
0.6558
0.662308
0.668987
0.675838
0.682866
0.690072
0.697461
0.705036
0.7128
0.720758
0.728914
0.737272
0.745837
0.754615
0.763612
0.772835
0.782291
0.79199
0.801939
0.812147
0.822625
0.833383
0.844433
0.855786
0.867455
0.879455
0.891799
0.904503
0.917584
0.931057
0.94494
0.959252
0.974011
0.989235
1.00494
1.02115
1.03787
1.05513
1.07294
0.468605
0.469896
0.471147
0.472368
0.473565
0.474745
0.475917
0.477085
0.478257
0.479438
0.480634
0.481849
0.48309
0.48436
0.485665
0.487008
0.488394
0.489826
0.491309
0.492846
0.49444
0.496094
0.497812
0.499597
0.501451
0.503377
0.505378
0.507456
0.509613
0.511853
0.514176
0.516586
0.519084
0.521672
0.524352
0.527127
0.529997
0.532964
0.536031
0.539199
0.542469
0.545843
0.549322
0.552908
0.556603
0.560407
0.564322
0.568349
0.572489
0.576745
0.581116
0.585605
0.590212
0.594938
0.599785
0.604754
0.609845
0.615059
0.620399
0.625864
0.631456
0.637176
0.643024
0.649002
0.65511
0.66135
0.667722
0.674228
0.680868
0.687643
0.694555
0.701605
0.708794
0.716123
0.723594
0.731209
0.738969
0.746877
0.754935
0.763148
0.771519
0.780053
0.788755
0.79763
0.806683
0.815922
0.825354
0.834985
0.844825
0.854883
0.865168
0.875691
0.886462
0.897493
0.908795
0.920379
0.932256
0.944437
0.956929
0.96974
0.982874
0.406309
0.411301
0.416025
0.420502
0.424754
0.4288
0.432658
0.436345
0.439879
0.443273
0.446543
0.449702
0.452762
0.455737
0.458637
0.461472
0.464254
0.466991
0.469693
0.472368
0.475024
0.477668
0.480308
0.482951
0.485602
0.488267
0.490953
0.493665
0.496407
0.499185
0.502002
0.504864
0.507773
0.510735
0.513751
0.516827
0.519964
0.523165
0.526435
0.529774
0.533186
0.536673
0.540237
0.54388
0.547603
0.551409
0.5553
0.559276
0.563339
0.56749
0.57173
0.57606
0.580481
0.584994
0.589599
0.594297
0.599087
0.603971
0.608948
0.614019
0.619182
0.624438
0.629786
0.635225
0.640755
0.646376
0.652085
0.657881
0.663764
0.669732
0.675783
0.681916
0.688129
0.694419
0.700785
0.707226
0.713738
0.72032
0.726969
0.733684
0.740465
0.747309
0.754217
0.761189
0.768225
0.775325
0.782491
0.789725
0.797029
0.804405
0.811857
0.81939
0.827009
0.834718
0.842522
0.850428
0.85844
0.866561
0.874796
0.883143
0.891602
0.345492
0.354087
0.36219
0.369838
0.377063
0.383897
0.390369
0.396507
0.402336
0.407882
0.413168
0.418215
0.423044
0.427673
0.432121
0.436405
0.44054
0.444542
0.448425
0.452202
0.455886
0.459488
0.463019
0.46649
0.46991
0.473289
0.476635
0.479956
0.48326
0.486554
0.489844
0.493138
0.49644
0.499756
0.503092
0.506451
0.50984
0.51326
0.516718
0.520215
0.523756
0.527343
0.53098
0.534668
0.53841
0.542208
0.546064
0.549979
0.553955
0.557993
0.562094
0.566259
0.570488
0.574781
0.579138
0.58356
0.588045
0.592594
0.597205
0.601877
0.606609
0.611399
0.616245
0.621145
0.626097
0.631098
0.636145
0.641233
0.646361
0.651524
0.656717
0.661936
0.667175
0.672431
0.677697
0.682967
0.688235
0.693496
0.698741
0.703965
0.709161
0.714321
0.71944
0.724512
0.729532
0.734493
0.739391
0.744222
0.748981
0.753665
0.758272
0.762801
0.76725
0.771619
0.775909
0.780121
0.784255
0.788311
0.79229
0.796187
0.799997
0.28711
0.299154
0.310492
0.321173
0.331242
0.340741
0.349712
0.358192
0.366216
0.373818
0.381029
0.387878
0.394394
0.400602
0.406526
0.41219
0.417615
0.422822
0.427829
0.432654
0.437315
0.441826
0.446203
0.450459
0.454608
0.458661
0.462631
0.466527
0.470361
0.47414
0.477875
0.481573
0.485242
0.488888
0.49252
0.496142
0.499761
0.503381
0.507008
0.510647
0.5143
0.517973
0.521668
0.525388
0.529136
0.532915
0.536726
0.540571
0.544452
0.54837
0.552325
0.556318
0.560349
0.564418
0.568524
0.572668
0.576847
0.58106
0.585305
0.58958
0.593883
0.598211
0.60256
0.606927
0.611308
0.615697
0.620091
0.624483
0.628867
0.633237
0.637587
0.641907
0.646191
0.65043
0.654615
0.658735
0.662781
0.666742
0.670607
0.674363
0.677999
0.681502
0.68486
0.688059
0.691087
0.693933
0.696586
0.699033
0.701264
0.70327
0.705043
0.706574
0.707857
0.708889
0.709665
0.710183
0.710443
0.710443
0.710181
0.709656
0.708861
0.232087
0.247369
0.261743
0.275271
0.288008
0.300009
0.311324
0.322
0.332081
0.341609
0.350623
0.35916
0.367255
0.37494
0.382245
0.389199
0.395829
0.40216
0.408215
0.414018
0.419588
0.424946
0.430109
0.435094
0.439919
0.444597
0.449144
0.453571
0.457893
0.462119
0.466261
0.470328
0.474331
0.478278
0.482177
0.486035
0.489859
0.493655
0.497431
0.501189
0.504937
0.508677
0.512414
0.516152
0.519893
0.52364
0.527396
0.531161
0.534938
0.538728
0.542531
0.546348
0.550178
0.554021
0.557876
0.561741
0.565615
0.569496
0.57338
0.577265
0.581147
0.585022
0.588885
0.592731
0.596554
0.600349
0.604107
0.607822
0.611485
0.615087
0.618619
0.62207
0.625428
0.628683
0.631821
0.634829
0.637692
0.640395
0.642921
0.645254
0.647376
0.649269
0.650914
0.652291
0.65338
0.654161
0.654616
0.654726
0.654473
0.653839
0.65281
0.651372
0.649513
0.647225
0.644499
0.641334
0.637727
0.633679
0.629193
0.62427
0.618911
0.181288
0.199546
0.216711
0.232853
0.248041
0.262338
0.275804
0.288494
0.300461
0.311755
0.322422
0.332505
0.342045
0.35108
0.359648
0.36778
0.37551
0.382867
0.389878
0.396571
0.402969
0.409095
0.414972
0.420619
0.426055
0.431298
0.436364
0.441269
0.446028
0.450654
0.455159
0.459555
0.463854
0.468064
0.472196
0.476258
0.480259
0.484204
0.488102
0.491958
0.495778
0.499566
0.503328
0.507066
0.510785
0.514488
0.518176
0.521852
0.525518
0.529173
0.53282
0.536457
0.540084
0.543701
0.547305
0.550896
0.55447
0.558025
0.561557
0.565062
0.568535
0.571972
0.575365
0.57871
0.581997
0.58522
0.58837
0.591436
0.59441
0.597278
0.60003
0.602652
0.605129
0.607447
0.60959
0.611538
0.613275
0.61478
0.616032
0.617009
0.617687
0.618042
0.618047
0.617677
0.616904
0.6157
0.614036
0.611884
0.609217
0.60601
0.602239
0.597882
0.592921
0.587342
0.581134
0.574294
0.566821
0.558722
0.550007
0.54069
0.530783
0.135516
0.15644
0.176103
0.194586
0.211966
0.228317
0.243705
0.258196
0.271848
0.284718
0.296859
0.30832
0.319148
0.329387
0.339077
0.348258
0.356964
0.365231
0.37309
0.38057
0.387699
0.394504
0.40101
0.407238
0.413211
0.418948
0.424469
0.42979
0.434928
0.439899
0.444717
0.449394
0.453944
0.458376
0.462703
0.466934
0.471077
0.47514
0.479132
0.483059
0.486927
0.490742
0.494509
0.498231
0.501912
0.505557
0.509166
0.512743
0.516289
0.519804
0.523289
0.526744
0.530168
0.53356
0.536918
0.54024
0.543522
0.546762
0.549954
0.553093
0.556175
0.559193
0.562139
0.565007
0.567787
0.570469
0.573044
0.575501
0.577825
0.580005
0.582026
0.583871
0.585524
0.586967
0.588179
0.58914
0.589826
0.590213
0.590276
0.589987
0.589315
0.58823
0.5867
0.584689
0.582161
0.57908
0.575407
0.571103
0.56613
0.56045
0.554027
0.546829
0.538827
0.530001
0.520333
0.509818
0.49846
0.486272
0.47328
0.459518
0.445022
0.0954915
0.118728
0.140556
0.161068
0.180347
0.198476
0.215528
0.231575
0.246682
0.260913
0.274326
0.286975
0.298913
0.310187
0.320842
0.330922
0.340466
0.349512
0.358095
0.366247
0.373999
0.381381
0.388419
0.395139
0.401565
0.407717
0.413618
0.419286
0.424739
0.429994
0.435067
0.439973
0.444724
0.449333
0.453812
0.458171
0.46242
0.466568
0.470623
0.474592
0.478483
0.4823
0.48605
0.489737
0.493365
0.496936
0.500455
0.503923
0.507341
0.51071
0.514031
0.517303
0.520525
0.523696
0.526813
0.529874
0.532875
0.535812
0.538679
0.541472
0.544183
0.546807
0.549333
0.551755
0.554061
0.556241
0.558283
0.560174
0.5619
0.563446
0.564794
0.565927
0.566825
0.567468
0.567831
0.56789
0.567619
0.56699
0.56597
0.564528
0.562627
0.560231
0.557298
0.553786
0.549649
0.54484
0.539309
0.533005
0.525874
0.517864
0.508922
0.499
0.488052
0.476042
0.462944
0.448744
0.433446
0.417076
0.399679
0.381321
0.362086
0.0618467
0.0870037
0.11063
0.132824
0.153678
0.173279
0.191708
0.209042
0.225352
0.240706
0.255167
0.268794
0.281644
0.293767
0.305214
0.316029
0.326257
0.335938
0.345109
0.353806
0.362062
0.369909
0.377375
0.384488
0.391273
0.397754
0.403953
0.409892
0.415589
0.421063
0.426329
0.431405
0.436304
0.441039
0.445623
0.450068
0.454383
0.458579
0.462663
0.466645
0.47053
0.474325
0.478036
0.481668
0.485224
0.488709
0.492124
0.495473
0.498756
0.501974
0.505128
0.508217
0.51124
0.514194
0.517078
0.519888
0.52262
0.52527
0.527832
0.530299
0.532665
0.534922
0.537061
0.539072
0.540943
0.542664
0.544221
0.5456
0.546785
0.547759
0.548503
0.548999
0.549223
0.549152
0.548761
0.548022
0.546905
0.545377
0.543403
0.540946
0.537964
0.534413
0.530245
0.525409
0.519849
0.513508
0.506321
0.498223
0.489142
0.479007
0.467743
0.455275
0.441533
0.426451
0.409978
0.392079
0.372749
0.352015
0.329949
0.306672
0.282344
0.0351118
0.0617663
0.0867931
0.110296
0.132374
0.153118
0.172614
0.190944
0.208183
0.224403
0.239671
0.25405
0.267598
0.280371
0.292421
0.303796
0.314542
0.324702
0.334315
0.34342
0.352052
0.360242
0.368023
0.375423
0.382469
0.389186
0.395597
0.401725
0.407589
0.41321
0.418604
0.423788
0.428777
0.433585
0.438225
0.44271
0.447049
0.451254
0.455333
0.459293
0.463144
0.466891
0.47054
0.474096
0.477563
0.480945
0.484245
0.487465
0.490606
0.493669
0.496653
0.49956
0.502386
0.505131
0.50779
0.510361
0.51284
0.51522
0.517497
0.519664
0.521713
0.523635
0.525421
0.52706
0.528541
0.529851
0.530976
0.531901
0.532609
0.533081
0.533298
0.533239
0.53288
0.532195
0.531156
0.529735
0.527897
0.525607
0.522827
0.519515
0.515624
0.511105
0.505904
0.499961
0.493211
0.485585
0.477005
0.467389
0.456646
0.444679
0.431384
0.416653
0.400373
0.38243
0.36272
0.341155
0.317682
0.2923
0.265092
0.236251
0.206087
0.0157084
0.0434122
0.0694183
0.093835
0.116764
0.138302
0.158537
0.177555
0.195434
0.212249
0.228069
0.242959
0.256981
0.270192
0.282646
0.294395
0.305484
0.315959
0.325861
0.335229
0.3441
0.352507
0.360484
0.368059
0.37526
0.382115
0.388646
0.394878
0.40083
0.406523
0.411975
0.417202
0.422221
0.427047
0.431692
0.436168
0.440488
0.444661
0.448697
0.452604
0.456389
0.460061
0.463623
0.467082
0.470442
0.473707
0.476878
0.479959
0.482951
0.485855
0.488669
0.491395
0.494029
0.496571
0.499016
0.501361
0.503602
0.505733
0.507749
0.509641
0.511402
0.513023
0.514495
0.515805
0.516943
0.517894
0.518645
0.519178
0.519478
0.519524
0.519296
0.518772
0.517927
0.516734
0.515165
0.513188
0.510768
0.507867
0.504445
0.500457
0.495853
0.49058
0.484578
0.477782
0.47012
0.461511
0.451867
0.441089
0.429068
0.415681
0.400789
0.384242
0.365868
0.345481
0.322884
0.297871
0.270254
0.239898
0.206789
0.171139
0.133526
0.00394265
0.0322294
0.0587766
0.0836954
0.10709
0.129058
0.149692
0.169077
0.187295
0.204422
0.220528
0.235681
0.249943
0.263372
0.276025
0.287953
0.299204
0.309823
0.319853
0.329335
0.338304
0.346797
0.354845
0.36248
0.369729
0.37662
0.383177
0.389423
0.39538
0.401068
0.406506
0.41171
0.416698
0.421482
0.426078
0.430498
0.434753
0.438853
0.442808
0.446627
0.450317
0.453885
0.457337
0.460678
0.463912
0.467043
0.470074
0.473007
0.475843
0.478583
0.481227
0.483773
0.486221
0.488567
0.490809
0.492943
0.494964
0.496866
0.498644
0.50029
0.501795
0.503151
0.504348
0.505375
0.506218
0.506865
0.5073
0.507509
0.507472
0.50717
0.506583
0.505688
0.50446
0.502872
0.500895
0.498495
0.49564
0.492288
0.4884
0.483929
0.478825
0.473031
0.466486
0.459121
0.450861
0.441621
0.431303
0.4198
0.406988
0.392725
0.376845
0.359155
0.339428
0.317391
0.292715
0.265004
0.233785
0.198516
0.158655
0.113887
0.0648038
1.46363e-30
0.0283925
0.0550327
0.0800326
0.103497
0.125525
0.146208
0.165633
0.183883
0.201032
0.217154
0.232314
0.246577
0.26
0.272641
0.28455
0.295777
0.306367
0.316362
0.325804
0.334729
0.343172
0.351166
0.358742
0.365929
0.372752
0.379238
0.385409
0.391287
0.396892
0.402242
0.407355
0.412247
0.416933
0.421426
0.425739
0.429883
0.433869
0.437705
0.441401
0.444964
0.448401
0.451718
0.454919
0.45801
0.460992
0.463871
0.466646
0.46932
0.471893
0.474365
0.476735
0.479001
0.48116
0.483211
0.485148
0.486967
0.488662
0.490227
0.491655
0.492937
0.494065
0.495028
0.495816
0.496415
0.496813
0.496994
0.496943
0.496643
0.496074
0.495215
0.494045
0.492538
0.490668
0.488407
0.485722
0.48258
0.478942
0.474768
0.470012
0.464625
0.458553
0.451735
0.444103
0.435583
0.42609
0.415529
0.403792
0.390754
0.37627
0.360169
0.342247
0.322254
0.299875
0.274702
0.246182
0.213521
0.175509
0.13015
0.0739016
1.22125e-15
0.00394265
0.0319604
0.0582424
0.0828995
0.106036
0.127749
0.14813
0.167266
0.185237
0.202119
0.217983
0.232895
0.246917
0.26011
0.272526
0.284218
0.295234
0.305619
0.315416
0.324664
0.3334
0.341658
0.349472
0.356871
0.363884
0.370536
0.376854
0.382859
0.388574
0.394016
0.399206
0.404161
0.408895
0.413423
0.41776
0.421916
0.425904
0.429733
0.433413
0.436952
0.440357
0.443635
0.446792
0.449833
0.452761
0.455581
0.458294
0.460903
0.463409
0.465812
0.468112
0.470308
0.472398
0.47438
0.47625
0.478005
0.47964
0.48115
0.482528
0.483766
0.484858
0.485794
0.486564
0.487157
0.487562
0.487765
0.487753
0.487509
0.487017
0.486259
0.485214
0.483862
0.482179
0.48014
0.477717
0.47488
0.471597
0.467833
0.463549
0.458703
0.453249
0.447136
0.440309
0.432706
0.424258
0.41489
0.404517
0.39304
0.380352
0.366327
0.350819
0.333661
0.314654
0.293562
0.270103
0.243941
0.214683
0.181899
0.145207
0.104535
0.0608598
0.0157084
0.042875
0.0683514
0.0922457
0.114659
0.135687
0.155419
0.173939
0.191325
0.207651
0.222986
0.237396
0.250941
0.263677
0.27566
0.286938
0.297559
0.307566
0.317002
0.325903
0.334307
0.342248
0.349755
0.35686
0.36359
0.36997
0.376024
0.381774
0.387241
0.392445
0.397402
0.40213
0.406644
0.410958
0.415085
0.419036
0.422822
0.426454
0.42994
0.433288
0.436505
0.439598
0.442572
0.445431
0.44818
0.450822
0.453359
0.455793
0.458124
0.460354
0.462483
0.464508
0.466428
0.46824
0.469943
0.471531
0.473
0.474345
0.47556
0.476638
0.47757
0.478349
0.478966
0.479409
0.479667
0.479729
0.479581
0.479207
0.478593
0.477721
0.476573
0.475128
0.473366
0.471262
0.468793
0.46593
0.462644
0.458903
0.454674
0.449917
0.444594
0.43866
0.432067
0.424762
0.416688
0.407783
0.397977
0.387196
0.375355
0.362363
0.34812
0.332516
0.315435
0.296753
0.276347
0.25411
0.229971
0.203943
0.1762
0.147193
0.117797
0.0351118
0.0609626
0.085197
0.107919
0.129225
0.149206
0.167949
0.185534
0.202036
0.217526
0.232069
0.245729
0.258563
0.270627
0.281971
0.292643
0.302689
0.31215
0.321066
0.329473
0.337407
0.344899
0.351979
0.358676
0.365016
0.371023
0.37672
0.382128
0.387268
0.392157
0.396812
0.401249
0.405482
0.409526
0.413391
0.41709
0.420632
0.424027
0.427283
0.430408
0.433408
0.436289
0.439057
0.441715
0.444268
0.446718
0.449068
0.451318
0.453471
0.455525
0.457482
0.459339
0.461095
0.462747
0.464293
0.465728
0.467049
0.46825
0.469325
0.470268
0.471072
0.471728
0.472229
0.472563
0.47272
0.47269
0.47246
0.472016
0.471344
0.470428
0.469252
0.467797
0.466045
0.463974
0.461563
0.458787
0.455621
0.452038
0.448008
0.4435
0.438481
0.432913
0.426759
0.419978
0.412525
0.404353
0.395415
0.385657
0.375025
0.363463
0.350918
0.337335
0.322667
0.30688
0.289959
0.271924
0.252847
0.232877
0.212271
0.191423
0.170872
0.0618467
0.0859361
0.10851
0.129666
0.149495
0.168084
0.185513
0.201857
0.217188
0.231572
0.245071
0.257744
0.269646
0.280827
0.291337
0.301219
0.310517
0.31927
0.327515
0.335286
0.342617
0.349536
0.356072
0.362252
0.3681
0.373639
0.378891
0.383875
0.388609
0.393112
0.397398
0.401482
0.405378
0.409097
0.412653
0.416054
0.41931
0.422431
0.425423
0.428294
0.431049
0.433695
0.436235
0.438674
0.441015
0.44326
0.445412
0.447472
0.449441
0.451318
0.453103
0.454795
0.456392
0.457892
0.459292
0.460588
0.461777
0.462853
0.463811
0.464645
0.465348
0.465913
0.466331
0.466594
0.466693
0.466617
0.466354
0.465893
0.465221
0.464324
0.463188
0.461796
0.460133
0.45818
0.455918
0.453328
0.450388
0.447076
0.443367
0.439238
0.434662
0.429611
0.424057
0.417971
0.411321
0.404078
0.39621
0.387688
0.378483
0.36857
0.35793
0.346551
0.334433
0.321595
0.308076
0.29395
0.279333
0.264389
0.249346
0.234493
0.220178
0.0954915
0.1174
0.137919
0.157139
0.175144
0.192014
0.207822
0.222638
0.236528
0.249553
0.26177
0.273233
0.283992
0.294095
0.303586
0.312506
0.320894
0.328787
0.336219
0.343221
0.349822
0.356052
0.361935
0.367495
0.372756
0.377738
0.382461
0.386943
0.3912
0.395248
0.399103
0.402776
0.40628
0.409627
0.412827
0.415888
0.418821
0.421632
0.424329
0.426917
0.429402
0.431789
0.434082
0.436285
0.438399
0.440429
0.442374
0.444236
0.446016
0.447714
0.449328
0.450858
0.452302
0.453657
0.454922
0.456092
0.457163
0.458132
0.458993
0.45974
0.460368
0.46087
0.461238
0.461465
0.461542
0.46146
0.461209
0.460778
0.460158
0.459335
0.458297
0.457032
0.455524
0.45376
0.451724
0.449401
0.446772
0.443821
0.44053
0.436881
0.432854
0.42843
0.42359
0.418316
0.412589
0.406393
0.399712
0.392535
0.384852
0.376662
0.36797
0.358789
0.349148
0.339089
0.328676
0.317998
0.307171
0.296343
0.285698
0.275447
0.265832
0.135516
0.154855
0.172956
0.189899
0.205759
0.220609
0.234514
0.247537
0.259737
0.271169
0.281885
0.291932
0.301356
0.310199
0.318501
0.3263
0.333629
0.340523
0.34701
0.353119
0.358877
0.364309
0.369438
0.374286
0.378871
0.383214
0.387332
0.39124
0.394954
0.398487
0.401852
0.405061
0.408125
0.411054
0.413856
0.41654
0.419114
0.421584
0.423956
0.426236
0.428428
0.430536
0.432564
0.434515
0.43639
0.438192
0.439923
0.441582
0.44317
0.444686
0.44613
0.447501
0.448797
0.450015
0.451153
0.452209
0.453177
0.454054
0.454836
0.455518
0.456094
0.456557
0.456903
0.457123
0.457211
0.457158
0.456957
0.456598
0.456071
0.455368
0.454478
0.45339
0.452093
0.450576
0.448826
0.446832
0.44458
0.442059
0.439256
0.436157
0.432752
0.429027
0.424974
0.42058
0.41584
0.410746
0.405297
0.399493
0.393339
0.38685
0.380042
0.372947
0.365604
0.358066
0.350403
0.342701
0.335066
0.327623
0.320516
0.313906
0.307969
0.181288
0.197711
0.213066
0.227424
0.240851
0.25341
0.265157
0.276149
0.286435
0.296064
0.305081
0.313527
0.321442
0.328863
0.335824
0.342358
0.348494
0.354262
0.359687
0.364794
0.369605
0.374144
0.378428
0.382478
0.38631
0.38994
0.393384
0.396655
0.399766
0.402728
0.405553
0.408251
0.410831
0.413301
0.415669
0.417942
0.420126
0.422227
0.424249
0.426198
0.428076
0.429888
0.431635
0.433321
0.434946
0.436513
0.438021
0.439472
0.440865
0.442199
0.443474
0.444689
0.445841
0.446929
0.44795
0.448901
0.449778
0.450578
0.451297
0.451931
0.452474
0.452922
0.453268
0.453508
0.453634
0.45364
0.45352
0.453265
0.452868
0.452322
0.451618
0.450749
0.449705
0.448478
0.447059
0.44544
0.443612
0.441567
0.439297
0.436794
0.434053
0.431068
0.427834
0.424349
0.420614
0.416631
0.412404
0.407946
0.40327
0.398397
0.393356
0.388181
0.382917
0.37762
0.372356
0.367205
0.362257
0.357617
0.353399
0.349729
0.346739
0.232087
0.245288
0.257611
0.269116
0.279858
0.289889
0.299258
0.308009
0.316186
0.323828
0.330974
0.337658
0.343913
0.349769
0.355256
0.360401
0.365227
0.36976
0.37402
0.378028
0.381804
0.385365
0.388726
0.391905
0.394915
0.397769
0.40048
0.403058
0.405514
0.407859
0.4101
0.412246
0.414304
0.416281
0.418183
0.420015
0.421783
0.423491
0.425142
0.42674
0.428288
0.429788
0.431242
0.432651
0.434017
0.435341
0.436622
0.437861
0.439057
0.440209
0.441317
0.442379
0.443392
0.444356
0.445266
0.446122
0.446919
0.447655
0.448325
0.448926
0.449453
0.449903
0.45027
0.45055
0.450737
0.450826
0.450811
0.450687
0.450447
0.450086
0.449598
0.448977
0.448216
0.44731
0.446253
0.445039
0.443663
0.442122
0.440411
0.438526
0.436467
0.434233
0.431825
0.429246
0.426502
0.4236
0.420554
0.417378
0.414092
0.410722
0.407299
0.40386
0.400451
0.397125
0.393941
0.390971
0.388292
0.385989
0.384156
0.382892
0.382301
0.28711
0.296834
0.305886
0.314313
0.322159
0.329464
0.336266
0.342603
0.348506
0.354009
0.359139
0.363925
0.368393
0.372566
0.376467
0.380118
0.383537
0.386743
0.389753
0.392582
0.395247
0.39776
0.400133
0.40238
0.404511
0.406536
0.408464
0.410304
0.412064
0.413751
0.415371
0.416932
0.418437
0.419893
0.421303
0.422671
0.424001
0.425297
0.426559
0.427791
0.428995
0.430171
0.431322
0.432447
0.433547
0.434623
0.435673
0.436698
0.437696
0.438667
0.439609
0.44052
0.441399
0.442244
0.443052
0.443821
0.444547
0.445228
0.445861
0.446442
0.446968
0.447435
0.447838
0.448175
0.44844
0.44863
0.44874
0.448766
0.448703
0.448548
0.448296
0.447943
0.447485
0.446918
0.446241
0.445448
0.444539
0.443513
0.442368
0.441105
0.439726
0.438235
0.436636
0.434936
0.433145
0.431275
0.429342
0.427363
0.425362
0.423366
0.421407
0.419521
0.417752
0.416148
0.414763
0.413658
0.412899
0.412557
0.412709
0.413434
0.414815
0.345492
0.351535
0.357126
0.362296
0.367077
0.371499
0.375588
0.379371
0.382872
0.386112
0.389113
0.391895
0.394475
0.396871
0.399098
0.401172
0.403106
0.404914
0.406606
0.408194
0.409688
0.411098
0.412433
0.4137
0.414907
0.416061
0.417169
0.418235
0.419265
0.420264
0.421236
0.422185
0.423114
0.424027
0.424925
0.425812
0.426688
0.427556
0.428418
0.429273
0.430123
0.430968
0.431808
0.432643
0.433472
0.434297
0.435114
0.435924
0.436725
0.437515
0.438294
0.439059
0.439808
0.44054
0.441251
0.44194
0.442604
0.44324
0.443845
0.444416
0.444951
0.445446
0.445898
0.446304
0.446661
0.446965
0.447213
0.447402
0.44753
0.447593
0.447589
0.447516
0.447371
0.447153
0.446862
0.446495
0.446055
0.445541
0.444957
0.444304
0.443588
0.442815
0.441993
0.441131
0.440241
0.439337
0.438438
0.437562
0.436734
0.43598
0.435332
0.434825
0.434497
0.434393
0.434561
0.435053
0.435924
0.437235
0.439048
0.441429
0.444444
0.406309
0.408527
0.410517
0.412302
0.413898
0.415323
0.416592
0.417722
0.418726
0.419616
0.420406
0.421106
0.421726
0.422277
0.422768
0.423206
0.4236
0.423957
0.424283
0.424584
0.424866
0.425135
0.425394
0.425647
0.4259
0.426154
0.426414
0.426681
0.426959
0.427249
0.427553
0.427873
0.42821
0.428565
0.428939
0.429332
0.429744
0.430177
0.430629
0.4311
0.43159
0.432099
0.432625
0.433167
0.433725
0.434297
0.434882
0.435477
0.436083
0.436695
0.437314
0.437936
0.43856
0.439184
0.439805
0.44042
0.441028
0.441626
0.442211
0.442781
0.443333
0.443865
0.444375
0.444859
0.445316
0.445743
0.446137
0.446498
0.446823
0.447111
0.447361
0.447571
0.447742
0.447873
0.447965
0.448019
0.448039
0.448026
0.447984
0.44792
0.447839
0.44775
0.447661
0.447585
0.447534
0.447524
0.447574
0.447703
0.447935
0.448296
0.448815
0.449524
0.45046
0.451661
0.453168
0.455028
0.457287
0.459995
0.463206
0.466972
0.471348
0.468605
0.466907
0.465216
0.463537
0.461875
0.460235
0.458621
0.457037
0.455488
0.453976
0.452505
0.451077
0.449695
0.448361
0.447078
0.445846
0.444667
0.443543
0.442475
0.441463
0.440509
0.439613
0.438775
0.437996
0.437276
0.436614
0.436011
0.435466
0.434979
0.434549
0.434175
0.433857
0.433594
0.433384
0.433227
0.433121
0.433066
0.433058
0.433098
0.433184
0.433313
0.433484
0.433696
0.433946
0.434233
0.434555
0.434909
0.435293
0.435706
0.436144
0.436607
0.437091
0.437595
0.438116
0.438651
0.439199
0.439756
0.440322
0.440893
0.441468
0.442044
0.44262
0.443192
0.44376
0.444322
0.444876
0.445422
0.445957
0.446482
0.446995
0.447497
0.447989
0.44847
0.448943
0.44941
0.449873
0.450336
0.450803
0.451281
0.451774
0.452293
0.452844
0.45344
0.454092
0.454815
0.455623
0.456536
0.457573
0.458756
0.460111
0.461663
0.463443
0.465483
0.467816
0.47048
0.473513
0.476955
0.480849
0.485238
0.490168
0.495681
0.531395
0.525755
0.520355
0.515187
0.510244
0.505517
0.501
0.496684
0.492565
0.488634
0.484887
0.481318
0.47792
0.474689
0.47162
0.468708
0.465947
0.463334
0.460863
0.458532
0.456335
0.454269
0.45233
0.450514
0.448817
0.447237
0.445768
0.444409
0.443155
0.442004
0.440951
0.439995
0.439131
0.438358
0.43767
0.437067
0.436544
0.436099
0.43573
0.435432
0.435203
0.43504
0.434941
0.434903
0.434923
0.434998
0.435126
0.435304
0.435529
0.435798
0.43611
0.436461
0.436849
0.437272
0.437727
0.438213
0.438726
0.439264
0.439826
0.44041
0.441014
0.441637
0.442276
0.44293
0.443599
0.444282
0.444978
0.445687
0.446408
0.447143
0.447893
0.448658
0.449441
0.450243
0.451069
0.451922
0.452807
0.453729
0.454695
0.455712
0.456788
0.457934
0.459162
0.460482
0.46191
0.463461
0.465153
0.467005
0.469037
0.471273
0.473738
0.476457
0.479459
0.482775
0.486435
0.490475
0.494928
0.499829
0.505216
0.511125
0.517594
0.593691
0.584139
0.57506
0.566433
0.558235
0.550447
0.543049
0.536024
0.529356
0.523027
0.517024
0.51133
0.505935
0.500823
0.495984
0.491406
0.487077
0.482988
0.479129
0.47549
0.472063
0.468838
0.465809
0.462966
0.460303
0.457813
0.455489
0.453325
0.451314
0.44945
0.447727
0.446141
0.444686
0.443356
0.442147
0.441054
0.440072
0.439197
0.438425
0.437751
0.437171
0.436682
0.43628
0.43596
0.43572
0.435556
0.435464
0.435441
0.435485
0.435591
0.435758
0.435982
0.436261
0.436592
0.436972
0.437399
0.437872
0.438388
0.438945
0.439541
0.440175
0.440846
0.441553
0.442294
0.44307
0.443879
0.444723
0.4456
0.446513
0.447462
0.44845
0.449477
0.450547
0.451663
0.452829
0.454049
0.45533
0.456676
0.458096
0.459597
0.461189
0.462881
0.464685
0.466614
0.468681
0.470901
0.473292
0.47587
0.478656
0.481671
0.484937
0.488477
0.492317
0.496484
0.501005
0.505909
0.511225
0.516984
0.523216
0.529953
0.537225
0.654508
0.641137
0.628466
0.616459
0.605083
0.594305
0.584095
0.574425
0.565267
0.556596
0.548389
0.540622
0.533275
0.526328
0.519761
0.513556
0.507697
0.502168
0.496953
0.492039
0.48741
0.483056
0.478963
0.475119
0.471515
0.468138
0.464981
0.462032
0.459283
0.456725
0.454351
0.452152
0.450121
0.448251
0.446535
0.444967
0.44354
0.442248
0.441086
0.440049
0.43913
0.438326
0.43763
0.43704
0.436549
0.436155
0.435853
0.435638
0.435509
0.43546
0.435489
0.435593
0.435768
0.436013
0.436323
0.436698
0.437134
0.437631
0.438185
0.438795
0.439461
0.440181
0.440955
0.441781
0.44266
0.443592
0.444578
0.445618
0.446713
0.447866
0.449078
0.450353
0.451693
0.453102
0.454586
0.456148
0.457795
0.459534
0.461372
0.463318
0.46538
0.467569
0.469895
0.472373
0.475014
0.477833
0.480845
0.484069
0.487521
0.491221
0.495188
0.499445
0.504014
0.508917
0.514179
0.519825
0.525879
0.532369
0.539319
0.546755
0.554704
0.71289
0.695848
0.679726
0.664473
0.650043
0.636392
0.62348
0.611267
0.599717
0.588796
0.578471
0.568712
0.55949
0.550779
0.542551
0.534784
0.527455
0.520542
0.514025
0.507885
0.502103
0.496664
0.491549
0.486745
0.482236
0.47801
0.474052
0.470351
0.466895
0.463672
0.460673
0.457887
0.455306
0.452919
0.450718
0.448695
0.446842
0.445153
0.443619
0.442235
0.440993
0.439888
0.438914
0.438066
0.437338
0.436726
0.436225
0.435829
0.435536
0.435342
0.435242
0.435233
0.435312
0.435477
0.435723
0.43605
0.436454
0.436933
0.437487
0.438113
0.438811
0.439579
0.440417
0.441325
0.442304
0.443352
0.444472
0.445665
0.446931
0.448275
0.449697
0.451202
0.452793
0.454474
0.45625
0.458127
0.460111
0.462208
0.464427
0.466776
0.469263
0.4719
0.474696
0.477664
0.480817
0.484169
0.487733
0.491526
0.495563
0.499863
0.504444
0.509324
0.514523
0.520062
0.525962
0.532244
0.538931
0.546043
0.553603
0.561633
0.570154
0.767913
0.747408
0.728027
0.70971
0.692397
0.676034
0.66057
0.645957
0.632148
0.619102
0.606778
0.595137
0.584145
0.573767
0.563972
0.55473
0.546012
0.537792
0.530046
0.522748
0.515878
0.509414
0.503335
0.497624
0.492262
0.487233
0.482521
0.47811
0.473987
0.470138
0.46655
0.463211
0.460111
0.457237
0.45458
0.45213
0.449877
0.447814
0.445931
0.444221
0.442677
0.44129
0.440056
0.438967
0.438018
0.437202
0.436515
0.435951
0.435507
0.435177
0.434958
0.434845
0.434836
0.434927
0.435115
0.435399
0.435774
0.43624
0.436795
0.437437
0.438166
0.438981
0.43988
0.440866
0.441937
0.443094
0.44434
0.445674
0.4471
0.448619
0.450236
0.451952
0.453773
0.455702
0.457745
0.459907
0.462196
0.464617
0.467179
0.469889
0.472758
0.475795
0.479009
0.482414
0.48602
0.489841
0.49389
0.498182
0.502732
0.507555
0.512668
0.518089
0.523833
0.52992
0.536369
0.543196
0.550422
0.558065
0.566144
0.574677
0.583682
0.818712
0.795001
0.772605
0.751451
0.73147
0.712597
0.694771
0.677935
0.662035
0.647021
0.632845
0.619462
0.60683
0.594909
0.583662
0.573053
0.563049
0.553619
0.544733
0.536364
0.528485
0.521072
0.5141
0.507549
0.501398
0.495626
0.490215
0.485147
0.480407
0.475978
0.471846
0.467996
0.464416
0.461092
0.458014
0.455169
0.452548
0.45014
0.447935
0.445926
0.444103
0.442458
0.440984
0.439674
0.438521
0.43752
0.436663
0.435946
0.435363
0.43491
0.434582
0.434376
0.434287
0.434312
0.434449
0.434694
0.435045
0.4355
0.436057
0.436716
0.437474
0.438333
0.43929
0.440347
0.441504
0.442762
0.444122
0.445587
0.447157
0.448837
0.450629
0.452537
0.454565
0.456718
0.459001
0.46142
0.463981
0.466691
0.469559
0.472591
0.475798
0.479188
0.482772
0.48656
0.490564
0.494796
0.499269
0.503996
0.508991
0.514267
0.519841
0.525727
0.531941
0.538499
0.545417
0.552711
0.560398
0.568493
0.577013
0.585973
0.595388
0.864484
0.837876
0.812753
0.789033
0.766638
0.745494
0.725531
0.706684
0.688891
0.672096
0.656244
0.641284
0.627167
0.613848
0.601286
0.589439
0.57827
0.567744
0.557827
0.548486
0.539694
0.531421
0.523641
0.516329
0.509462
0.503018
0.496974
0.491312
0.486014
0.48106
0.476435
0.472123
0.46811
0.46438
0.460921
0.45772
0.454766
0.452047
0.449552
0.447273
0.445199
0.443322
0.441633
0.440125
0.43879
0.437621
0.436613
0.435758
0.435052
0.43449
0.434066
0.433777
0.433617
0.433585
0.433676
0.433888
0.434219
0.434666
0.435227
0.435901
0.436688
0.437587
0.438598
0.43972
0.440955
0.442304
0.443768
0.445349
0.44705
0.448874
0.450823
0.452902
0.455114
0.457466
0.459962
0.462607
0.465409
0.468374
0.47151
0.474825
0.478328
0.482027
0.485932
0.490055
0.494404
0.498993
0.503832
0.508935
0.514313
0.51998
0.525949
0.532234
0.53885
0.54581
0.553128
0.56082
0.568898
0.577378
0.586272
0.595595
0.605358
0.904508
0.875353
0.847833
0.821858
0.79734
0.774198
0.752354
0.731737
0.712279
0.693916
0.676588
0.660238
0.644813
0.630264
0.616543
0.603605
0.59141
0.579917
0.56909
0.558895
0.549297
0.540266
0.531773
0.523791
0.516294
0.509256
0.502655
0.49647
0.490679
0.485264
0.480205
0.475486
0.471091
0.467004
0.46321
0.459697
0.45645
0.453458
0.45071
0.448194
0.445901
0.44382
0.441943
0.440262
0.438768
0.437454
0.436314
0.43534
0.434528
0.433871
0.433364
0.433004
0.432785
0.432703
0.432757
0.432942
0.433256
0.433697
0.434263
0.434954
0.435767
0.436703
0.437762
0.438943
0.440248
0.441677
0.443233
0.444918
0.446734
0.448683
0.45077
0.452999
0.455373
0.457898
0.460578
0.463421
0.466432
0.469618
0.472986
0.476545
0.480303
0.484268
0.48845
0.492859
0.497505
0.502399
0.507551
0.512974
0.518679
0.524678
0.530984
0.537609
0.544565
0.551866
0.559524
0.567552
0.575963
0.584768
0.593979
0.603609
0.613667
0.938153
0.90684
0.877289
0.849401
0.823083
0.798246
0.774807
0.752688
0.731815
0.712121
0.693538
0.676008
0.659471
0.643875
0.629168
0.615303
0.602234
0.589919
0.578319
0.567394
0.557111
0.547435
0.538336
0.529783
0.521748
0.514206
0.507131
0.5005
0.494291
0.488483
0.483056
0.477991
0.473272
0.468882
0.464805
0.461026
0.457531
0.454309
0.451345
0.44863
0.446151
0.443899
0.441864
0.440037
0.43841
0.436974
0.435724
0.434651
0.43375
0.433014
0.432439
0.43202
0.431752
0.431631
0.431655
0.431819
0.432121
0.432559
0.433132
0.433838
0.434676
0.435645
0.436746
0.437979
0.439345
0.440845
0.442481
0.444254
0.446169
0.448227
0.450432
0.452788
0.455301
0.457973
0.460812
0.463822
0.46701
0.470383
0.473949
0.477714
0.481688
0.485877
0.490293
0.494944
0.499839
0.504989
0.510405
0.516097
0.522077
0.528355
0.534943
0.541852
0.549094
0.556681
0.564625
0.572935
0.581625
0.590703
0.600182
0.610071
0.620379
0.964888
0.931838
0.900652
0.871224
0.843454
0.817251
0.792524
0.769192
0.747177
0.726406
0.70681
0.688325
0.670889
0.654445
0.63894
0.624323
0.610547
0.597565
0.585337
0.573822
0.562983
0.552784
0.543192
0.534176
0.525707
0.517755
0.510296
0.503304
0.496756
0.490629
0.484904
0.47956
0.474579
0.469943
0.465637
0.461644
0.457951
0.454542
0.451406
0.44853
0.445902
0.443513
0.441352
0.439409
0.437676
0.436144
0.434806
0.433655
0.432684
0.431888
0.43126
0.430795
0.43049
0.43034
0.430341
0.430491
0.430786
0.431225
0.431805
0.432526
0.433386
0.434385
0.435523
0.4368
0.438218
0.439777
0.44148
0.443329
0.445325
0.447474
0.449777
0.45224
0.454866
0.457661
0.46063
0.463778
0.467113
0.47064
0.474368
0.478303
0.482454
0.486828
0.491436
0.496285
0.501385
0.506746
0.512378
0.518292
0.524496
0.531004
0.537824
0.544967
0.552445
0.560268
0.568447
0.576992
0.585912
0.595219
0.604921
0.615028
0.625546
0.984292
0.949951
0.917549
0.886975
0.858125
0.830902
0.805214
0.780977
0.758108
0.736531
0.716176
0.696975
0.678864
0.661785
0.64568
0.630499
0.61619
0.602707
0.590006
0.578047
0.566789
0.556196
0.546234
0.536869
0.528072
0.519812
0.512063
0.5048
0.497997
0.491631
0.485682
0.480128
0.474951
0.470133
0.465655
0.461503
0.457661
0.454114
0.45085
0.447855
0.445118
0.442628
0.440374
0.438346
0.436536
0.434934
0.433533
0.432326
0.431306
0.430466
0.429801
0.429306
0.428976
0.428807
0.428794
0.428936
0.429229
0.429671
0.430261
0.430996
0.431876
0.4329
0.434069
0.435384
0.436844
0.438452
0.440209
0.442117
0.44418
0.4464
0.448782
0.451329
0.454045
0.456937
0.460008
0.463266
0.466716
0.470365
0.474221
0.47829
0.48258
0.487101
0.491859
0.496865
0.502127
0.507655
0.513458
0.519547
0.525931
0.532621
0.539626
0.546957
0.554624
0.562636
0.571005
0.579739
0.588849
0.598342
0.608227
0.618514
0.629208
0.996057
0.960892
0.927711
0.8964
0.866855
0.838975
0.812667
0.787842
0.764419
0.74232
0.72147
0.701802
0.683251
0.665755
0.649258
0.633706
0.619048
0.605236
0.592224
0.579972
0.568438
0.557586
0.54738
0.537785
0.528772
0.52031
0.512371
0.504929
0.497959
0.491437
0.485341
0.479651
0.474346
0.469409
0.46482
0.460565
0.456628
0.452993
0.449647
0.446577
0.443771
0.441218
0.438906
0.436826
0.434969
0.433325
0.431887
0.430646
0.429597
0.428733
0.428048
0.427537
0.427194
0.427017
0.427
0.427141
0.427437
0.427885
0.428485
0.429234
0.430132
0.431178
0.432372
0.433715
0.435209
0.436853
0.438651
0.440605
0.442717
0.44499
0.44743
0.450038
0.452821
0.455784
0.458931
0.462269
0.465803
0.469542
0.473491
0.477658
0.482052
0.486679
0.49155
0.496672
0.502054
0.507706
0.513637
0.519858
0.526376
0.533204
0.540349
0.547823
0.555634
0.563793
0.572309
0.581192
0.590449
0.60009
0.610123
0.620555
0.631394
1
0.964486
0.930972
0.899345
0.869499
0.841332
0.814751
0.789668
0.765998
0.743663
0.722591
0.702711
0.683958
0.666272
0.649594
0.63387
0.61905
0.605084
0.591927
0.579538
0.567875
0.556901
0.54658
0.536878
0.527764
0.519207
0.51118
0.503655
0.496607
0.490014
0.483851
0.478099
0.472737
0.467747
0.46311
0.45881
0.454832
0.45116
0.44778
0.44468
0.441846
0.439269
0.436935
0.434837
0.432963
0.431305
0.429855
0.428606
0.42755
0.42668
0.425992
0.42548
0.425138
0.424963
0.42495
0.425097
0.425401
0.42586
0.426471
0.427233
0.428146
0.429209
0.430423
0.431787
0.433304
0.434974
0.436799
0.438782
0.440926
0.443234
0.445711
0.448359
0.451184
0.454192
0.457387
0.460775
0.464364
0.468159
0.472168
0.476399
0.480858
0.485555
0.490499
0.495696
0.501158
0.506892
0.512909
0.519218
0.525828
0.532749
0.539992
0.547565
0.555479
0.563742
0.572365
0.581355
0.590723
0.600475
0.610621
0.621167
0.632121
0.996057
0.960674
0.927278
0.895758
0.866007
0.837927
0.811423
0.786409
0.762802
0.740523
0.719501
0.699666
0.680953
0.663303
0.646657
0.630962
0.616168
0.602226
0.589091
0.576722
0.565077
0.55412
0.543816
0.534129
0.52503
0.516487
0.508474
0.500963
0.493929
0.487349
0.481201
0.475462
0.470114
0.465138
0.460515
0.45623
0.452266
0.448608
0.445244
0.442158
0.43934
0.436777
0.434459
0.432375
0.430516
0.428874
0.427439
0.426204
0.425162
0.424308
0.423634
0.423135
0.422807
0.422645
0.422647
0.422807
0.423124
0.423595
0.424219
0.424994
0.42592
0.426996
0.428222
0.429599
0.431129
0.432812
0.434651
0.436648
0.438807
0.441131
0.443623
0.446288
0.449131
0.452157
0.455372
0.458782
0.462393
0.466213
0.470248
0.474506
0.478995
0.483724
0.488701
0.493934
0.499434
0.505209
0.511269
0.517623
0.524282
0.531255
0.538552
0.546182
0.554156
0.562482
0.571171
0.580231
0.589672
0.5995
0.609726
0.620354
0.631394
0.984292
0.949513
0.916682
0.885687
0.856426
0.828802
0.802723
0.778105
0.754866
0.732931
0.712229
0.692693
0.67426
0.65687
0.640468
0.625001
0.61042
0.596678
0.58373
0.571536
0.560057
0.549256
0.539097
0.529549
0.520579
0.51216
0.504263
0.496862
0.489932
0.483451
0.477397
0.471748
0.466485
0.461589
0.457044
0.452832
0.448938
0.445347
0.442045
0.43902
0.43626
0.433751
0.431485
0.42945
0.427638
0.426039
0.424645
0.423449
0.422444
0.421623
0.420981
0.420512
0.420211
0.420074
0.420097
0.420278
0.420613
0.4211
0.421738
0.422525
0.423461
0.424545
0.425777
0.427159
0.428691
0.430375
0.432214
0.434209
0.436365
0.438684
0.441171
0.44383
0.446666
0.449684
0.452891
0.456292
0.459894
0.463705
0.467731
0.471981
0.476462
0.481184
0.486155
0.491384
0.496881
0.502654
0.508715
0.515072
0.521736
0.528717
0.536025
0.543669
0.551661
0.56001
0.568725
0.577815
0.587291
0.59716
0.607431
0.618111
0.629208
0.964888
0.931179
0.899346
0.869285
0.840897
0.814089
0.788774
0.76487
0.742298
0.720988
0.700871
0.681882
0.663961
0.647051
0.631099
0.616054
0.601868
0.588497
0.575899
0.564033
0.552863
0.542351
0.532466
0.523175
0.514449
0.506259
0.498578
0.491382
0.484646
0.478348
0.472466
0.466981
0.461873
0.457125
0.452718
0.448638
0.444869
0.441396
0.438206
0.435286
0.432625
0.43021
0.428032
0.42608
0.424345
0.422819
0.421493
0.42036
0.419413
0.418646
0.418052
0.417627
0.417366
0.417265
0.41732
0.417528
0.417886
0.418392
0.419044
0.419842
0.420785
0.421872
0.423103
0.424481
0.426005
0.427677
0.429501
0.431478
0.433612
0.435907
0.438366
0.440995
0.443798
0.446781
0.449951
0.453312
0.456874
0.460641
0.464624
0.468829
0.473264
0.47794
0.482865
0.488048
0.493499
0.499228
0.505246
0.511562
0.518187
0.525131
0.532406
0.540021
0.547987
0.556315
0.565015
0.574096
0.583568
0.593441
0.603723
0.614422
0.625546
0.938153
0.905956
0.87554
0.846804
0.819657
0.79401
0.769783
0.746896
0.725279
0.704862
0.685582
0.667378
0.650193
0.633974
0.618669
0.604232
0.590618
0.577783
0.565689
0.554298
0.543574
0.533483
0.523994
0.515076
0.506702
0.498844
0.491477
0.484576
0.47812
0.472086
0.466455
0.461206
0.456321
0.451783
0.447576
0.443685
0.440093
0.436789
0.433757
0.430987
0.428466
0.426184
0.424129
0.422294
0.420667
0.419242
0.418009
0.416963
0.416095
0.4154
0.414873
0.414507
0.414299
0.414244
0.414339
0.41458
0.414966
0.415493
0.416161
0.416969
0.417915
0.418999
0.420223
0.421587
0.423092
0.42474
0.426534
0.428476
0.430569
0.432819
0.435228
0.437802
0.440547
0.443467
0.446569
0.44986
0.453346
0.457037
0.460939
0.46506
0.469411
0.474
0.478837
0.483931
0.489293
0.494933
0.500862
0.507091
0.513631
0.520493
0.527688
0.535228
0.543124
0.551386
0.560027
0.569056
0.578484
0.588321
0.598576
0.60926
0.620379
0.904508
0.874242
0.845632
0.81859
0.793029
0.768868
0.746033
0.724451
0.704057
0.684787
0.666582
0.649386
0.633147
0.617816
0.603346
0.589692
0.576814
0.564672
0.553229
0.542451
0.532303
0.522756
0.513779
0.505344
0.497425
0.489997
0.483036
0.476519
0.470424
0.464733
0.459424
0.45448
0.449884
0.44562
0.44167
0.438022
0.43466
0.431572
0.428744
0.426166
0.423826
0.421713
0.419817
0.41813
0.416641
0.415344
0.41423
0.413293
0.412526
0.411922
0.411477
0.411185
0.411042
0.411044
0.411187
0.411468
0.411886
0.412437
0.413121
0.413936
0.414882
0.415959
0.417167
0.418508
0.419982
0.421592
0.42334
0.42523
0.427264
0.429447
0.431783
0.434278
0.436936
0.439764
0.442768
0.445955
0.449333
0.45291
0.456693
0.460693
0.464918
0.469378
0.474083
0.479043
0.48427
0.489774
0.495567
0.501661
0.508067
0.514798
0.521865
0.52928
0.537057
0.545206
0.553741
0.562672
0.572011
0.58177
0.591958
0.602588
0.613667
0.864484
0.836531
0.81009
0.78508
0.761422
0.739046
0.717883
0.69787
0.678946
0.661055
0.644144
0.628163
0.613064
0.598803
0.585339
0.572631
0.560642
0.549336
0.53868
0.528643
0.519193
0.510304
0.501947
0.494097
0.48673
0.479823
0.473354
0.467302
0.461647
0.45637
0.451454
0.446881
0.442635
0.438701
0.435065
0.431712
0.428628
0.425803
0.423223
0.420878
0.418756
0.416848
0.415145
0.413636
0.412315
0.411173
0.410202
0.409396
0.408749
0.408255
0.407908
0.407704
0.407638
0.407706
0.407905
0.408233
0.408686
0.409264
0.409963
0.410784
0.411726
0.412789
0.413974
0.415282
0.416714
0.418272
0.419959
0.421778
0.423732
0.425827
0.428065
0.430454
0.432998
0.435704
0.438578
0.441627
0.444861
0.448286
0.451912
0.455748
0.459805
0.464091
0.468618
0.473398
0.478441
0.48376
0.489366
0.495273
0.501494
0.50804
0.514926
0.522165
0.52977
0.537754
0.546132
0.554915
0.564117
0.57375
0.583827
0.594359
0.605358
0.818712
0.793417
0.769468
0.746792
0.725323
0.704998
0.685759
0.66755
0.650318
0.634015
0.618595
0.604013
0.590228
0.577202
0.564898
0.553282
0.542319
0.53198
0.522234
0.513054
0.504412
0.496284
0.488646
0.481475
0.474748
0.468446
0.462548
0.457036
0.451892
0.447098
0.442638
0.438496
0.434659
0.43111
0.427838
0.424829
0.422071
0.419551
0.41726
0.415186
0.413319
0.411651
0.410171
0.408871
0.407744
0.406782
0.405978
0.405325
0.404817
0.40445
0.404216
0.404113
0.404136
0.40428
0.404543
0.404923
0.405415
0.40602
0.406735
0.40756
0.408494
0.409537
0.41069
0.411955
0.413332
0.414823
0.416433
0.418163
0.420017
0.422
0.424117
0.426373
0.428774
0.431326
0.434037
0.436914
0.439965
0.4432
0.446627
0.450256
0.454098
0.458164
0.462465
0.467014
0.471822
0.476902
0.482268
0.487933
0.493911
0.500217
0.506865
0.513869
0.521245
0.529007
0.537171
0.54575
0.554761
0.564216
0.57413
0.584516
0.595388
0.767913
0.745576
0.724398
0.70432
0.685286
0.667245
0.650148
0.633947
0.6186
0.604066
0.590307
0.577285
0.564966
0.553318
0.542309
0.531912
0.522096
0.512837
0.50411
0.495889
0.488152
0.480879
0.474047
0.467637
0.461629
0.456007
0.450752
0.445848
0.441278
0.437028
0.433083
0.429429
0.426052
0.42294
0.420079
0.417459
0.415068
0.412896
0.410931
0.409165
0.407587
0.40619
0.404963
0.403901
0.402994
0.402236
0.40162
0.401141
0.400791
0.400566
0.400461
0.400472
0.400594
0.400823
0.401157
0.401594
0.402129
0.402763
0.403493
0.404319
0.40524
0.406257
0.40737
0.408581
0.40989
0.411301
0.412816
0.414438
0.416171
0.418019
0.419988
0.422084
0.424311
0.426678
0.429191
0.431858
0.434688
0.437691
0.440876
0.444253
0.447833
0.451629
0.455652
0.459916
0.464433
0.469217
0.474284
0.479647
0.485322
0.491325
0.497672
0.504379
0.511463
0.51894
0.526826
0.53514
0.543897
0.553114
0.562806
0.572991
0.583682
0.71289
0.693758
0.675584
0.658322
0.641928
0.626363
0.611587
0.597565
0.584263
0.571649
0.559692
0.548364
0.537637
0.527486
0.517886
0.508815
0.500249
0.492167
0.484549
0.477375
0.470626
0.464286
0.458335
0.452759
0.44754
0.442663
0.438113
0.433877
0.429939
0.426288
0.42291
0.419792
0.416924
0.414292
0.411887
0.409697
0.407713
0.405924
0.404322
0.402896
0.401639
0.400542
0.399598
0.398798
0.398136
0.397605
0.397199
0.396911
0.396737
0.396671
0.396708
0.396845
0.397077
0.3974
0.397812
0.39831
0.398892
0.399555
0.4003
0.401125
0.402029
0.403013
0.404077
0.405223
0.406452
0.407767
0.40917
0.410664
0.412254
0.413944
0.41574
0.417646
0.419669
0.421816
0.424095
0.426515
0.429083
0.43181
0.434707
0.437783
0.441051
0.444524
0.448214
0.452135
0.456302
0.460729
0.465433
0.470429
0.475735
0.481367
0.487344
0.493683
0.500403
0.507524
0.515063
0.52304
0.531474
0.540384
0.549788
0.559706
0.570154
0.654508
0.638775
0.623786
0.609509
0.595914
0.582974
0.57066
0.558949
0.547815
0.537237
0.527194
0.517664
0.508629
0.500069
0.491968
0.484308
0.477072
0.470245
0.46381
0.457754
0.452062
0.44672
0.441714
0.43703
0.432657
0.428581
0.42479
0.421272
0.418016
0.415011
0.412245
0.409708
0.40739
0.40528
0.403368
0.401646
0.400104
0.398733
0.397524
0.39647
0.395563
0.394794
0.394157
0.393645
0.39325
0.392967
0.39279
0.392713
0.392731
0.392838
0.393031
0.393305
0.393657
0.394082
0.394578
0.395143
0.395774
0.396469
0.397227
0.398048
0.39893
0.399874
0.400881
0.401952
0.403088
0.404292
0.405566
0.406913
0.408338
0.409845
0.411439
0.413127
0.414913
0.416807
0.418815
0.420947
0.423211
0.425617
0.428177
0.430902
0.433804
0.436897
0.440195
0.443712
0.447465
0.451468
0.45574
0.460298
0.46516
0.470347
0.475876
0.48177
0.488048
0.494732
0.501844
0.509404
0.517436
0.52596
0.534998
0.544573
0.554704
0.593691
0.581489
0.56981
0.558635
0.547949
0.537736
0.527981
0.518671
0.509793
0.501333
0.49328
0.485623
0.478349
0.471448
0.46491
0.458723
0.452877
0.447362
0.442167
0.437283
0.432699
0.428405
0.424392
0.42065
0.417168
0.413938
0.410949
0.408193
0.40566
0.40334
0.401226
0.399307
0.397574
0.396021
0.394637
0.393414
0.392346
0.391422
0.390637
0.389982
0.389451
0.389036
0.38873
0.388527
0.388422
0.388407
0.388477
0.388628
0.388853
0.389148
0.38951
0.389932
0.390413
0.390949
0.391536
0.392171
0.392854
0.393582
0.394353
0.395167
0.396023
0.396922
0.397863
0.398848
0.399878
0.400955
0.402083
0.403263
0.404501
0.405801
0.407167
0.408606
0.410123
0.411728
0.413427
0.415229
0.417144
0.419182
0.421355
0.423675
0.426155
0.428808
0.431651
0.434698
0.437966
0.441473
0.445238
0.44928
0.453619
0.458276
0.463274
0.468635
0.474382
0.48054
0.487133
0.494185
0.501722
0.50977
0.518353
0.527496
0.537225
0.531395
0.522797
0.514495
0.506484
0.498765
0.491333
0.484188
0.477328
0.47075
0.464453
0.458433
0.452689
0.447218
0.442015
0.437078
0.432402
0.427983
0.423817
0.419899
0.416222
0.412782
0.409573
0.406588
0.403821
0.401266
0.398916
0.396764
0.394802
0.393024
0.391423
0.389991
0.388721
0.387606
0.386638
0.385811
0.385117
0.384549
0.3841
0.383764
0.383533
0.383402
0.383363
0.383411
0.383539
0.383741
0.384013
0.384349
0.384743
0.385191
0.385688
0.386229
0.386812
0.387431
0.388085
0.388769
0.389481
0.390219
0.39098
0.391764
0.39257
0.393396
0.394242
0.39511
0.395998
0.39691
0.397847
0.398811
0.399806
0.400834
0.401901
0.403012
0.404172
0.405388
0.406667
0.408017
0.409447
0.410967
0.412588
0.414322
0.41618
0.418178
0.420328
0.422648
0.425154
0.427864
0.430797
0.433973
0.437413
0.441139
0.445176
0.449547
0.454278
0.459394
0.464924
0.470895
0.477335
0.484273
0.491738
0.499761
0.508369
0.517594
0.468605
0.463618
0.458697
0.453856
0.449106
0.44446
0.439929
0.435522
0.43125
0.427121
0.423142
0.419319
0.415658
0.412164
0.40884
0.405688
0.402712
0.399911
0.397285
0.394835
0.392559
0.390455
0.38852
0.386751
0.385145
0.383699
0.382406
0.381264
0.380266
0.379408
0.378684
0.378088
0.377615
0.377258
0.377012
0.376871
0.376827
0.376877
0.377012
0.377228
0.377518
0.377876
0.378297
0.378775
0.379305
0.379881
0.380498
0.381151
0.381836
0.382547
0.383282
0.384035
0.384802
0.385582
0.38637
0.387163
0.38796
0.388758
0.389555
0.39035
0.391142
0.391932
0.392718
0.393501
0.394283
0.395065
0.39585
0.396639
0.397437
0.398248
0.399076
0.399927
0.400807
0.401724
0.402686
0.403701
0.40478
0.405933
0.407172
0.408511
0.409963
0.411544
0.41327
0.415159
0.41723
0.419504
0.422002
0.424747
0.427764
0.431079
0.434717
0.438709
0.443082
0.447869
0.453099
0.458807
0.465025
0.471787
0.479128
0.487081
0.495681
0.406309
0.404874
0.403279
0.401552
0.399721
0.397812
0.395849
0.393856
0.391852
0.389856
0.387887
0.38596
0.384088
0.382284
0.380558
0.37892
0.377378
0.375937
0.374604
0.373381
0.372272
0.371278
0.370402
0.369641
0.368997
0.368467
0.36805
0.367743
0.367542
0.367445
0.367448
0.367545
0.367734
0.368008
0.368363
0.368795
0.369297
0.369864
0.370491
0.371173
0.371904
0.372679
0.373492
0.374338
0.375212
0.376108
0.377023
0.37795
0.378885
0.379825
0.380763
0.381698
0.382624
0.383537
0.384436
0.385317
0.386177
0.387013
0.387824
0.388609
0.389366
0.390093
0.390792
0.391462
0.392104
0.392719
0.393308
0.393875
0.394422
0.394952
0.395472
0.395984
0.396497
0.397016
0.397549
0.398106
0.398695
0.399328
0.400017
0.400775
0.401617
0.402558
0.403615
0.404807
0.406154
0.407678
0.409402
0.411351
0.413552
0.416031
0.418821
0.421951
0.425455
0.429367
0.433724
0.438563
0.443921
0.449839
0.456355
0.463511
0.471348
0.345492
0.347482
0.34909
0.350363
0.351343
0.35207
0.352582
0.352914
0.353098
0.353164
0.353139
0.353047
0.352911
0.35275
0.352582
0.352423
0.352285
0.35218
0.352118
0.352107
0.352154
0.352264
0.352441
0.352688
0.353006
0.353398
0.353862
0.354398
0.355005
0.35568
0.356422
0.357227
0.358092
0.359014
0.359987
0.361008
0.362072
0.363176
0.364312
0.365478
0.366668
0.367876
0.369098
0.370329
0.371563
0.372796
0.374023
0.375239
0.37644
0.37762
0.378775
0.379902
0.380996
0.382054
0.383072
0.384046
0.384974
0.385853
0.386681
0.387456
0.388176
0.38884
0.389446
0.389996
0.390488
0.390925
0.391306
0.391633
0.39191
0.392139
0.392325
0.392471
0.392584
0.39267
0.392736
0.392791
0.392843
0.392905
0.392987
0.393102
0.393266
0.393494
0.393804
0.394214
0.394747
0.395424
0.396271
0.397314
0.398581
0.400103
0.401913
0.404046
0.406538
0.409429
0.412759
0.416571
0.420908
0.425818
0.431345
0.437538
0.444444
0.28711
0.29233
0.296958
0.301055
0.304681
0.307889
0.310732
0.313256
0.315505
0.317519
0.319336
0.320988
0.322504
0.323913
0.325237
0.326499
0.327715
0.328903
0.330076
0.331247
0.332425
0.333618
0.334833
0.336075
0.337349
0.338657
0.340001
0.341382
0.3428
0.344255
0.345744
0.347266
0.348819
0.350399
0.352003
0.353628
0.35527
0.356924
0.358586
0.360252
0.361916
0.363574
0.365222
0.366853
0.368464
0.370049
0.371604
0.373123
0.374603
0.376037
0.377422
0.378753
0.380027
0.381238
0.382384
0.38346
0.384463
0.385391
0.386239
0.387007
0.38769
0.388289
0.388801
0.389226
0.389563
0.389811
0.389972
0.390047
0.390037
0.389945
0.389774
0.389528
0.389212
0.388831
0.388392
0.387903
0.387373
0.386811
0.386229
0.38564
0.385058
0.384499
0.383981
0.383522
0.383145
0.382873
0.382732
0.38275
0.382957
0.383387
0.384074
0.385058
0.386379
0.388081
0.39021
0.392815
0.395946
0.399657
0.404001
0.409035
0.414815
0.232087
0.240271
0.247666
0.25435
0.260399
0.26588
0.27086
0.275397
0.279546
0.283359
0.28688
0.290152
0.29321
0.296089
0.298817
0.301421
0.303924
0.306345
0.308702
0.31101
0.313281
0.315527
0.317755
0.319973
0.322187
0.3244
0.326617
0.328839
0.331067
0.333301
0.335542
0.337787
0.340034
0.342283
0.344529
0.34677
0.349001
0.35122
0.353422
0.355602
0.357756
0.35988
0.361969
0.364017
0.36602
0.367973
0.36987
0.371708
0.373481
0.375184
0.376812
0.37836
0.379825
0.381202
0.382486
0.383673
0.38476
0.385743
0.386618
0.387383
0.388034
0.388569
0.388987
0.389284
0.389461
0.389516
0.389448
0.389259
0.388949
0.388519
0.387972
0.387311
0.386538
0.38566
0.384682
0.38361
0.382452
0.381217
0.379917
0.378562
0.377166
0.375746
0.374317
0.3729
0.371515
0.370187
0.368942
0.367809
0.36682
0.36601
0.365418
0.365085
0.365057
0.365382
0.366111
0.367301
0.369011
0.3713
0.374234
0.377879
0.382301
0.181288
0.1921
0.201944
0.210915
0.219104
0.226596
0.233469
0.239795
0.24564
0.251064
0.256121
0.26086
0.265323
0.269549
0.273573
0.277425
0.28113
0.284711
0.288189
0.29158
0.294898
0.298157
0.301365
0.304533
0.307665
0.310767
0.313845
0.316899
0.319932
0.322944
0.325937
0.328908
0.331856
0.33478
0.337677
0.340543
0.343376
0.346172
0.348927
0.351636
0.354295
0.3569
0.359445
0.361925
0.364336
0.366672
0.368929
0.371101
0.373182
0.375169
0.377055
0.378835
0.380505
0.38206
0.383495
0.384805
0.385986
0.387033
0.387944
0.388713
0.389337
0.389813
0.390139
0.39031
0.390326
0.390185
0.389884
0.389423
0.388803
0.388023
0.387084
0.385987
0.384737
0.383335
0.381785
0.380095
0.378269
0.376316
0.374245
0.372066
0.369792
0.367437
0.365017
0.362551
0.360059
0.357565
0.355095
0.352679
0.35035
0.348143
0.346101
0.344267
0.342691
0.341426
0.340531
0.340068
0.340105
0.340714
0.34197
0.343952
0.346739
0.135516
0.148545
0.160448
0.171339
0.181326
0.190511
0.198985
0.206833
0.21413
0.220945
0.22734
0.233368
0.239079
0.244513
0.249709
0.254698
0.25951
0.264168
0.268695
0.273106
0.277419
0.281646
0.285798
0.289883
0.293909
0.297881
0.301803
0.305679
0.30951
0.313297
0.31704
0.320739
0.324393
0.327998
0.331553
0.335055
0.3385
0.341886
0.345206
0.348458
0.351637
0.354737
0.357754
0.360683
0.363519
0.366255
0.368888
0.37141
0.373817
0.376103
0.378263
0.380291
0.382182
0.38393
0.38553
0.386976
0.388265
0.389389
0.390346
0.39113
0.391736
0.392161
0.392401
0.392452
0.39231
0.391973
0.391439
0.390704
0.389768
0.388629
0.387288
0.385743
0.383996
0.382049
0.379904
0.377565
0.375036
0.372324
0.369435
0.366379
0.363165
0.359807
0.356319
0.352716
0.349019
0.34525
0.341433
0.337599
0.333778
0.33001
0.326334
0.322798
0.319456
0.316364
0.313587
0.311198
0.309273
0.307895
0.307156
0.307148
0.307969
0.0954915
0.110246
0.123742
0.136116
0.147497
0.158001
0.167735
0.176796
0.185268
0.193226
0.200736
0.207858
0.214641
0.221131
0.227364
0.233375
0.239192
0.244839
0.250337
0.255705
0.260957
0.266105
0.271161
0.276132
0.281025
0.285845
0.290597
0.295283
0.299904
0.304461
0.308954
0.313382
0.317744
0.322037
0.326258
0.330405
0.334474
0.33846
0.34236
0.346169
0.349883
0.353495
0.357001
0.360395
0.363673
0.366827
0.369853
0.372744
0.375495
0.3781
0.380552
0.382845
0.384974
0.386933
0.388714
0.390314
0.391725
0.392942
0.393959
0.394771
0.395373
0.395758
0.395923
0.395862
0.395571
0.395045
0.394281
0.393275
0.392024
0.390524
0.388775
0.386774
0.384521
0.382014
0.379255
0.376244
0.372985
0.36948
0.365735
0.361756
0.35755
0.353127
0.348499
0.34368
0.338685
0.333535
0.328253
0.322865
0.317401
0.311899
0.306398
0.300947
0.2956
0.290419
0.285473
0.280843
0.276616
0.272891
0.269775
0.267381
0.265832
0.0618467
0.0777401
0.0922746
0.105616
0.117915
0.129309
0.139918
0.149847
0.159187
0.168019
0.176409
0.184417
0.192093
0.19948
0.206614
0.213528
0.220247
0.226796
0.233191
0.239451
0.245587
0.251612
0.257533
0.263359
0.269095
0.274745
0.280311
0.285796
0.291201
0.296525
0.301767
0.306927
0.312002
0.316989
0.321886
0.326688
0.331392
0.335993
0.340487
0.344868
0.349132
0.353273
0.357286
0.361164
0.364902
0.368494
0.371933
0.375213
0.378327
0.38127
0.384034
0.386613
0.389
0.391189
0.393173
0.394944
0.396498
0.397826
0.398922
0.39978
0.400393
0.400755
0.40086
0.400701
0.400273
0.399571
0.398587
0.397318
0.395759
0.393904
0.39175
0.389293
0.38653
0.383457
0.380074
0.376379
0.372371
0.368051
0.363421
0.358484
0.353243
0.347705
0.341877
0.335771
0.329397
0.322771
0.315912
0.308843
0.301589
0.294184
0.286665
0.279077
0.271474
0.263918
0.256483
0.249254
0.24233
0.235826
0.229869
0.224601
0.220178
0.0351118
0.0514332
0.0663402
0.0800385
0.0927089
0.104507
0.115564
0.125991
0.13588
0.145308
0.154339
0.163028
0.17142
0.179553
0.18746
0.195165
0.202693
0.210062
0.217287
0.22438
0.231353
0.238214
0.244969
0.251624
0.258181
0.264644
0.271014
0.277292
0.283476
0.289566
0.29556
0.301456
0.307251
0.312941
0.318523
0.323992
0.329345
0.334575
0.339678
0.344649
0.349482
0.35417
0.358708
0.36309
0.367309
0.371359
0.375232
0.378923
0.382423
0.385726
0.388825
0.391712
0.39438
0.396822
0.39903
0.400997
0.402715
0.404176
0.405374
0.406299
0.406946
0.407305
0.40737
0.407134
0.406588
0.405726
0.40454
0.403024
0.40117
0.398973
0.396425
0.39352
0.390254
0.38662
0.382614
0.378232
0.373469
0.368324
0.362793
0.356876
0.350572
0.343884
0.336814
0.329366
0.321547
0.313367
0.304838
0.295976
0.2868
0.277336
0.267614
0.257673
0.247559
0.237331
0.227059
0.216831
0.206752
0.19695
0.187579
0.178818
0.170872
0.0157084
0.031556
0.046009
0.0593361
0.0717518
0.083424
0.0944843
0.105036
0.11516
0.124922
0.134374
0.143559
0.152512
0.16126
0.169826
0.178231
0.186488
0.194611
0.20261
0.210492
0.218265
0.225931
0.233496
0.24096
0.248326
0.255593
0.26276
0.269827
0.276791
0.283651
0.290402
0.297041
0.303566
0.30997
0.31625
0.322401
0.328417
0.334293
0.340024
0.345603
0.351023
0.356279
0.361365
0.366272
0.370994
0.375525
0.379856
0.383981
0.387891
0.391579
0.395038
0.398259
0.401234
0.403955
0.406414
0.408602
0.41051
0.412131
0.413456
0.414476
0.415181
0.415565
0.415616
0.415327
0.414688
0.413692
0.412328
0.410587
0.408462
0.405943
0.403021
0.399688
0.395936
0.391756
0.387141
0.382082
0.376572
0.370605
0.364174
0.357273
0.349898
0.342043
0.333707
0.324887
0.315583
0.305796
0.29553
0.284792
0.27359
0.261939
0.249857
0.237369
0.224509
0.211321
0.197862
0.184207
0.170456
0.15674
0.143231
0.130154
0.117797
0.00394265
0.0180368
0.0309575
0.0430517
0.0545362
0.0655531
0.0761997
0.0865451
0.0966402
0.106523
0.116222
0.125761
0.135157
0.144423
0.153571
0.162608
0.171541
0.180374
0.189111
0.197753
0.206302
0.214757
0.223119
0.231385
0.239553
0.247622
0.255589
0.263449
0.271199
0.278836
0.286354
0.293749
0.301015
0.308148
0.315142
0.321992
0.32869
0.335231
0.341609
0.347816
0.353846
0.359693
0.365348
0.370805
0.376055
0.381092
0.385907
0.390492
0.394839
0.39894
0.402786
0.406369
0.409679
0.412709
0.415448
0.417887
0.420017
0.421828
0.423311
0.424456
0.425252
0.42569
0.425759
0.42545
0.42475
0.42365
0.422139
0.420207
0.417841
0.415031
0.411766
0.408034
0.403825
0.399127
0.393928
0.388218
0.381985
0.375218
0.367905
0.360037
0.351602
0.342591
0.332992
0.322797
0.311998
0.300585
0.288553
0.275896
0.262609
0.248692
0.234146
0.218975
0.20319
0.186808
0.169855
0.152372
0.134421
0.116096
0.0975447
0.079002
0.0608598
1.76062e-29
0.0099995
0.0199959
0.0299862
0.0399671
0.0499354
0.0598876
0.0698203
0.0797299
0.0896129
0.0994654
0.109284
0.119064
0.128801
0.138493
0.148134
0.15772
0.167247
0.176709
0.186104
0.195424
0.204667
0.213827
0.222898
0.231876
0.240755
0.249529
0.258194
0.266743
0.27517
0.28347
0.291637
0.299663
0.307543
0.31527
0.322838
0.330239
0.337467
0.344514
0.351374
0.358038
0.364499
0.37075
0.376782
0.382587
0.388157
0.393484
0.398559
0.403372
0.407916
0.41218
0.416156
0.419834
0.423204
0.426256
0.42898
0.431366
0.433402
0.435079
0.436385
0.437309
0.437839
0.437963
0.437671
0.436949
0.435786
0.434167
0.432082
0.429516
0.426456
0.422888
0.418799
0.414174
0.408998
0.403258
0.396938
0.390022
0.382495
0.374341
0.365543
0.356087
0.345953
0.335126
0.323587
0.31132
0.298305
0.284525
0.26996
0.254591
0.238399
0.221364
0.203466
0.184684
0.164997
0.144383
0.122821
0.100289
0.0767642
0.0522233
0.0266432
4.21885e-15
